1.333,30,40,33
B0,mixamorig_Hips,-1,0.8412290215492249,0.09020400047302246,0.5331010222434998,0,0.014503000304102898,0.9818649888038635,-0.18902400135993958,0,-0.5404840111732483,0.16674399375915527,0.8246660232543945,0,-0.01960800029337406,42.132972717285156,-0.10550499707460403,1
B1,mixamorig_Spine,0,0.9943349957466125,0.04752799868583679,0.09507499635219574,0,-0.06254000216722488,0.9848489761352539,0.16174599528312683,0,-0.08594699949026108,-0.16677600145339966,0.9822419881820679,0,0,5.091618061065674,-0.33338499069213867,1
B2,mixamorig_Spine1,1,0.9990599751472473,0.010251999832689762,0.04210999980568886,0,-0.011722000315785408,0.9993249773979187,0.03481400012969971,0,-0.041724998503923416,-0.03527500107884407,0.9985060095787048,0,0,5.952936172485352,0,1
B3,mixamorig_Spine2,2,0.9990530014038086,0.01097199972718954,0.042093999683856964,0,-0.012432999908924103,0.9993240237236023,0.03459800034761429,0,-0.04168599843978882,-0.035089001059532166,0.9985139966011047,0,0,6.803362846374512,0,1
B4,mixamorig_Neck,3,0.9666460156440735,-0.04057500138878822,-0.2528820037841797,0,0.1092739999294281,0.9583290219306946,0.2639389932155609,0,0.23163500428199768,-0.28276899456977844,0.9307990074157715,0,0,7.653775215148926,0,1
B5,mixamorig_Head,4,0.9821739792823792,0.12083400040864944,-0.14399300515651703,0,-0.07241199910640717,0.9501129984855652,0.3033849895000458,0,0.17346900701522827,-0.2875500023365021,0.9419260025024414,0,0,5.327849864959717,1.4227420091629028,1
B6,mixamorig_HeadTop_End,5,1,0,0,0,0,1,0,0,0,0,1,0,0,10.1077880859375,2.6991701126098633,1
B7,mixamorig_LeftShoulder,3,0.16792500019073486,0.004614999983459711,-0.9857890009880066,0,0.8748729825019836,-0.46154698729515076,0.14687000215053558,0,-0.4543110132217407,-0.8871039748191833,-0.08154299855232239,0,3.0558409690856934,6.244616985321045,-0.10270600020885468,1
B8,mixamorig_LeftArm,7,0.49709799885749817,0.3208779990673065,0.8061829805374146,0,-0.6431660056114197,0.7599210143089294,0.0941149964928627,0,-0.5824360251426697,-0.56529301404953,0.5841330289840698,0,0,6.837014198303223,0,1
B9,mixamorig_LeftForeArm,8,0.5289350152015686,0.8381360173225403,0.1332540065050125,0,-0.8391460180282593,0.49306800961494446,0.22960400581359863,0,0.12673600018024445,-0.2332649976015091,0.964119017124176,0,0,10.956942558288574,0,1
B10,mixamorig_LeftHand,9,-0.8642240166664124,0.283145010471344,0.41586700081825256,0,0.37837299704551697,0.9105870127677917,0.16632799804210663,0,-0.331589013338089,0.30109700560569763,-0.8940860033035278,0,0,12.043248176574707,0,1
B11,mixamorig_LeftHandIndex1,10,-0.9011110067367554,0.4232009947299957,0.09433799982070923,0,0.4203689992427826,0.7993959784507751,0.42925000190734863,0,0.10624600201845169,0.4264580011367798,-0.8982459902763367,0,0,3.913239002227783,0,1
B12,mixamorig_LeftHandIndex2,11,0.8234090209007263,0.5194209814071655,-0.2284729927778244,0,-0.46565699577331543,0.8486080169677734,0.25105300545692444,0,0.32428601384162903,-0.10032899677753448,0.9406239986419678,0,0,2.573965072631836,0,1
B13,mixamorig_LeftHandIndex3,12,0.8888829946517944,-0.3586210012435913,0.2850950062274933,0,0.18378199636936188,0.8491510152816772,0.49514299631118774,0,-0.41965699195861816,-0.3877289891242981,0.8207039833068848,0,-0.2576259970664978,1.4440679550170898,-2.204097032546997,1
B14,mixamorig_LeftHandIndex4,13,1,0,0,0,0,1,0,0,0,0,1,0,-1.501837968826294,-0.7430260181427002,-1.558176040649414,1
B15,mixamorig_RightShoulder,3,0.06354500353336334,-0.009181000292301178,0.997937023639679,0,-0.8961889743804932,-0.44049400091171265,0.05301300063729286,0,0.4390980005264282,-0.8977090120315552,-0.036219000816345215,0,-3.0558409690856934,6.24325704574585,-0.08191999793052673,1
B16,mixamorig_RightArm,15,0.4427590072154999,-0.871973991394043,-0.20886600017547607,0,0.8491020202636719,0.3329080045223236,0.4101189970970154,0,-0.28808000683784485,-0.3589330017566681,0.8877930045127869,0,0,6.837014198303223,0,1
B17,mixamorig_RightForeArm,16,-0.06311699748039246,-0.9650290012359619,-0.25443199276924133,0,0.9658589959144592,-0.12325000017881393,0.22787299752235413,0,-0.25126299262046814,-0.23136299848556519,0.939860999584198,0,0,10.940739631652832,0,1
B18,mixamorig_RightHand,17,0.5969330072402954,0.3534730076789856,-0.7202280163764954,0,-0.618332028388977,0.7747060060501099,-0.1322699934244156,0,0.5112109780311584,0.5242969989776611,0.6810110211372375,0,0,12.050021171569824,0,1
B19,mixamorig_RightHandIndex1,18,0.9997460246086121,0.02088399976491928,-0.008427999913692474,0,-0.01856599934399128,0.9761199951171875,0.21643899381160736,0,0.012746999971568584,-0.21622799336910248,0.9762600064277649,0,0,3.866805076599121,0,1
B20,mixamorig_RightHandIndex2,19,0.9988210201263428,0.04836000129580498,-0.0041589997708797455,0,-0.045639000833034515,0.9648709893226624,0.2587299942970276,0,0.016526000574231148,-0.25823500752449036,0.9659410119056702,0,0,2.8685810565948486,0,1
B21,mixamorig_RightHandIndex3,20,0.9954019784927368,0.01785000041127205,0.09410999715328217,0,0.02140899933874607,0.9161710143089294,-0.4002160131931305,0,-0.09336499869823456,0.40038999915122986,0.911575973033905,0,-0.19635500013828278,1.4462870359420776,0.4272109866142273,1
B22,mixamorig_RightHandIndex4,21,1,0,0,0,0,1,0,0,0,0,1,0,-0.3481369912624359,0.6542289853096008,1.8257249593734741,1
B23,mixamorig_LeftUpLeg,0,-0.8388069868087769,0.013252000324428082,0.544268012046814,0,0.15042099356651306,-0.9551479816436768,0.2550809979438782,0,0.5232369899749756,0.2958329916000366,0.7991909980773926,0,5.148238182067871,-2.8255040645599365,-0.2674959897994995,1
B24,mixamorig_LeftLeg,23,0.9874550104141235,-0.13707800209522247,-0.07837600260972977,0,-0.05094999819993973,0.19320499897003174,-0.9798349738121033,0,0.14945699274539948,0.9715359807014465,0.18379700183868408,0,0,20.59090232849121,0,1
B25,mixamorig_LeftFoot,24,0.9426820278167725,0.3321709930896759,0.03182800114154816,0,-0.22964200377464294,0.5765789747238159,0.7841050028800964,0,0.24210500717163086,-0.7464709877967834,0.6198109984397888,0,0,17.32342529296875,0,1
B26,mixamorig_LeftToeBase,25,0.9905970096588135,-0.08120399713516235,0.11010400205850601,0,-0.0444130003452301,0.5703340172767639,0.8202109932899475,0,-0.12939999997615814,-0.8173890113830566,0.561365008354187,0,0,8.471383094787598,0,1
B27,mixamorig_LeftToe_End,26,1,0,0,0,0,1,0,0,0,0,1,0,0,3.542923927307129,0,1
B28,mixamorig_RightUpLeg,0,-0.9975379705429077,-0.06977599859237671,0.0070859999395906925,0,0.06786300241947174,-0.9347879886627197,0.34866398572921753,0,-0.01770400069653988,0.3482860028743744,0.9372209906578064,0,-5.148238182067871,-2.8255040645599365,0.2669900059700012,1
B29,mixamorig_RightLeg,28,0.9805039763450623,-0.17891700565814972,0.08124600350856781,0,0.1720840036869049,0.5822299718856812,-0.7946040034294128,0,0.09486400336027145,0.7930939793586731,0.6016669869422913,0,0,20.626569747924805,0,1
B30,mixamorig_RightFoot,29,0.9997609853744507,-0.005417000036686659,-0.021170999854803085,0,0.02181299962103367,0.18895499408245087,0.9817429780960083,0,-0.0013180000241845846,-0.981971025466919,0.18902799487113953,0,0,17.337238311767578,0,1
B31,mixamorig_RightToeBase,30,0.9998779892921448,-0.0035379999317228794,-0.015185000374913216,0,0.01280600018799305,0.7418839931488037,0.6704059839248657,0,0.008892999961972237,-0.6705189943313599,0.7418389916419983,0,0,8.49565315246582,0,1
B32,mixamorig_RightToe_End,31,1,0,0,0,0,1,0,0,0,0,1,0,0,3.508960008621216,0,1
@28,0,1,2,3,4,5,7,8,9,10,11,12,13,15,16,17,18,19,20,21,23,24,25,26,28,29,30,31
K0,0.8412291407585144,0.090204156935215,0.5331007838249207,0,0.014503149315714836,0.9818649888038635,-0.18902385234832764,0,-0.5404841303825378,0.1667441427707672,0.8246658444404602,0,-0.01960800029337406,42.132972717285156,-0.10550499707460403,1,0.9943349957466125,0.04752790182828903,0.09507498145103455,0,-0.06254009902477264,0.9848489165306091,0.16174615919589996,0,-0.08594702184200287,-0.16677585244178772,0.9822420477867126,0,0,5.091618061065674,-0.33338499069213867,1,0.9990599751472473,0.010251936502754688,0.04211015999317169,0,-0.011722061783075333,0.9993249773979187,0.03481404855847359,0,-0.041724834591150284,-0.03527494892477989,0.9985060095787048,0,0,5.952936172485352,0,1,0.9990530014038086,0.010972131043672562,0.04209403321146965,0,-0.012432865798473358,0.9993239641189575,0.034598208963871,0,-0.041685961186885834,-0.03508879244327545,0.9985139966011047,0,0,6.803362846374512,0,1,0.9666460752487183,-0.040574826300144196,-0.2528820335865021,0,0.10927417129278183,0.9583290219306946,0.26393893361091614,0,0.2316349595785141,-0.2827690541744232,0.9307990074157715,0,0,7.653775215148926,0,1,0.9821739196777344,0.12083427608013153,-0.1439930498600006,0,-0.07241170853376389,0.95011305809021,0.3033849895000458,0,0.17346897721290588,-0.28755003213882446,0.9419260025024414,0,0,5.327849864959717,1.4227420091629028,1,0.1679246574640274,0.004614983685314655,-0.9857890009880066,0,0.8748728036880493,-0.461547315120697,0.14686982333660126,0,-0.45431095361709595,-0.8871039748191833,-0.08154275268316269,0,3.0558409690856934,6.244616985321045,-0.10270600020885468,1,0.4970976710319519,0.32087844610214233,0.8061829805374146,0,-0.6431655883789062,0.7599213123321533,0.09411481767892838,0,-0.5824360251426697,-0.5652931928634644,0.5841328501701355,0,0,6.837014198303223,0,1,0.5289350152015686,0.8381360769271851,0.1332540065050125,0,-0.8391459584236145,0.49306797981262207,0.22960396111011505,0,0.12673600018024445,-0.23326504230499268,0.9641189575195312,0,0,10.956942558288574,0,1,-0.8642237782478333,0.2831452786922455,0.41586732864379883,0,0.3783727288246155,0.9105871915817261,0.16632768511772156,0,-0.3315887153148651,0.3010973334312439,-0.8940860629081726,0,0,12.043248176574707,0,1,-0.9011111259460449,0.4232007563114166,0.09433764219284058,0,0.4203692674636841,0.7993961572647095,0.4292495548725128,0,0.10624564439058304,0.4264584183692932,-0.8982458710670471,0,0,3.913239002227783,0,1,0.8234090209007263,0.5194210410118103,-0.22847285866737366,0,-0.46565696597099304,0.8486080765724182,0.2510527968406677,0,0.3242861330509186,-0.1003291979432106,0.9406238794326782,0,0,2.573965072631836,0,1,0.8888830542564392,-0.3586210012435913,0.28509482741355896,0,0.18378198146820068,0.8491510152816772,0.4951430559158325,0,-0.4196571707725525,-0.3877289593219757,0.8207038640975952,0,-0.2576259970664978,1.4440679550170898,-2.204097032546997,1,0.06354518979787827,-0.009181334637105465,0.9979369640350342,0,-0.8961889743804932,-0.44049400091171265,0.05301355943083763,0,0.43909844756126404,-0.8977087736129761,-0.03621950373053551,0,-3.0558409690856934,6.24325704574585,-0.08191999793052673,1,0.442758709192276,-0.8719741106033325,-0.20886622369289398,0,0.8491019010543823,0.3329080045223236,0.41011929512023926,0,-0.28808021545410156,-0.3589327037334442,0.8877930641174316,0,0,6.837014198303223,0,1,-0.06311684101819992,-0.9650291204452515,-0.2544320523738861,0,0.9658589363098145,-0.12325038015842438,0.22787316143512726,0,-0.2512630522251129,-0.23136284947395325,0.9398611187934875,0,0,10.940739631652832,0,1,0.5969328284263611,0.35347312688827515,-0.7202280759811401,0,-0.6183319091796875,0.7747060060501099,-0.1322704404592514,0,0.5112110376358032,0.5242966413497925,0.6810112595558167,0,0,12.050021171569824,0,1,0.9997460246086121,0.02088407799601555,-0.008428063243627548,0,-0.018565919250249863,0.9761199355125427,0.2164391577243805,0,0.012746937572956085,-0.21622779965400696,0.9762601256370544,0,0,3.866805076599121,0,1,0.9988210201263428,0.048360105603933334,-0.004159452859312296,0,-0.04563890025019646,0.9648710489273071,0.25872987508773804,0,0.016525546088814735,-0.2582351267337799,0.9659410119056702,0,0,2.8685810565948486,0,1,0.9954019784927368,0.017850082367658615,0.0941101536154747,0,0.021409081295132637,0.9161710739135742,-0.4002157747745514,0,-0.09336483478546143,0.4003901779651642,0.9115758538246155,0,-0.19635500013828278,1.4462870359420776,0.4272109866142273,1,-0.8388069868087769,0.013252338394522667,0.5442681312561035,0,0.15042133629322052,-0.9551481008529663,0.255080908536911,0,0.5232369303703308,0.2958330810070038,0.7991910576820374,0,5.148238182067871,-2.8255040645599365,-0.2674959897994995,1,0.987454891204834,-0.13707850873470306,-0.07837605476379395,0,-0.05095051974058151,0.19320501387119293,-0.9798349738121033,0,0.1494569480419159,0.9715360403060913,0.1837969869375229,0,0,20.59090232849121,0,1,0.9426820278167725,0.33217090368270874,0.03182832524180412,0,-0.2296420782804489,0.5765789151191711,0.7841050028800964,0,0.24210532009601593,-0.7464708089828491,0.6198109984397888,0,0,17.32342529296875,0,1,0.9905970692634583,-0.08120372146368027,0.11010380834341049,0,-0.044412724673748016,0.5703340172767639,0.8202110528945923,0,-0.12940017879009247,-0.8173890113830566,0.5613649487495422,0,0,8.471383094787598,0,1,-0.9975379705429077,-0.06977572292089462,0.00708618201315403,0,0.06786327809095383,-0.934787929058075,0.34866389632225037,0,-0.017704183235764503,0.34828609228134155,0.9372209310531616,0,-5.148238182067871,-2.8255040645599365,0.2669900059700012,1,0.9805039763450623,-0.1789168119430542,0.08124615252017975,0,0.17208416759967804,0.5822296142578125,-0.7946042418479919,0,0.09486415237188339,0.7930938005447388,0.6016672253608704,0,0,20.626569747924805,0,1,0.9997610449790955,-0.005416975822299719,-0.021170759573578835,0,0.02181302197277546,0.1889549046754837,0.9817429780960083,0,-0.0013177599757909775,-0.9819710850715637,0.1890280693769455,0,0,17.337238311767578,0,1,0.9998779892921448,-0.0035378870088607073,-0.01518460363149643,0,0.012806113809347153,0.7418839335441589,0.6704060435295105,0,0.008893396705389023,-0.6705189347267151,0.7418389916419983,0,0,8.49565315246582,0,1
K0.033,0.8391580581665039,0.09700994193553925,0.5351659059524536,0,0.012717883102595806,0.9801959991455078,-0.19762296974658966,0,-0.5437390208244324,0.17264313995838165,0.8213058710098267,0,-0.25015461444854736,42.33041000366211,-0.13618424534797668,1,0.9951529502868652,0.03533318638801575,0.09177236258983612,0,-0.050205640494823456,0.9849830269813538,0.16518808901309967,0,-0.08455763012170792,-0.1689949631690979,0.9819830656051636,0,0,5.091618061065674,-0.33338499069213867,1,0.9990620017051697,0.005788000766187906,0.04291923716664314,0,-0.007295920979231596,0.9993590116500854,0.03506090119481087,0,-0.042688753455877304,-0.03534111753106117,0.998462975025177,0,0,5.952936172485352,0,1,0.9990509748458862,0.006562929600477219,0.043050896376371384,0,-0.008058990351855755,0.9993659853935242,0.03466997295618057,0,-0.04279609024524689,-0.0349840372800827,0.9984710216522217,0,0,6.803362846374512,0,1,0.966994047164917,-0.028543852269649506,-0.2531937062740326,0,0.09970590472221375,0.9568549394607544,0.27292418479919434,0,0.23447932302951813,-0.28916096687316895,0.9281189441680908,0,0,7.653775215148926,0,1,0.9821739196777344,0.12083427608013153,-0.1439930498600006,0,-0.07241170853376389,0.95011305809021,0.3033849895000458,0,0.17346897721290588,-0.28755003213882446,0.9419260025024414,0,0,5.327849864959717,1.4227420091629028,1,0.1612360179424286,0.005049190949648619,-0.9869028925895691,0,0.8780890107154846,-0.4572148323059082,0.14111919701099396,0,-0.4505140781402588,-0.8893418908119202,-0.07815305143594742,0,3.0558409690856934,6.244616985321045,-0.10270600020885468,1,0.5059749484062195,0.31653493642807007,0.8023680448532104,0,-0.6397300362586975,0.7616759538650513,0.10293319821357727,0,-0.5785627961158752,-0.565380871295929,0.5878862142562866,0,0,6.837014198303223,0,1,0.5215609669685364,0.8424220085144043,0.13527119159698486,0,-0.8434380292892456,0.4851329028606415,0.23077823221683502,0,0.12878817319869995,-0.23445773124694824,0.9635570645332336,0,0,10.956942558288574,0,1,-0.8615249395370483,0.28065070509910583,0.4230961799621582,0,0.37867820262908936,0.91028892993927,0.1672610640525818,0,-0.33819788694381714,0.3043169677257538,-0.8905131220817566,0,0,12.043248176574707,0,1,-0.9011110663414001,0.4232008457183838,0.09433715045452118,0,0.42036914825439453,0.7993961572647095,0.42924967408180237,0,0.10624613612890244,0.42645829916000366,-0.8982458710670471,0,0,3.913239002227783,0,1,0.8234090209007263,0.5194210410118103,-0.22847285866737366,0,-0.46565696597099304,0.8486080765724182,0.2510527968406677,0,0.3242861330509186,-0.1003291979432106,0.9406238794326782,0,0,2.573965072631836,0,1,0.8888829350471497,-0.3586207628250122,0.28509438037872314,0,0.1837822049856186,0.8491511940956116,0.4951425790786743,0,-0.41965657472610474,-0.38772842288017273,0.8207039833068848,0,-0.2576259970664978,1.4440679550170898,-2.204097032546997,1,0.06167471408843994,-0.009207789786159992,0.9980540871620178,0,-0.8969990015029907,-0.43903613090515137,0.05137960612773895,0,0.43770861625671387,-0.8984222412109375,-0.03533683717250824,0,-3.0558409690856934,6.24325704574585,-0.08191999793052673,1,0.44718682765960693,-0.8720701336860657,-0.19878795742988586,0,0.8414358496665955,0.33479490876197815,0.42414236068725586,0,-0.30332908034324646,-0.35693860054016113,0.8835080862045288,0,0,6.837014198303223,0,1,-0.06619368493556976,-0.9646309614181519,-0.255158007144928,0,0.9654607772827148,-0.12650138139724731,0.22777941823005676,0,-0.25200095772743225,-0.23126748204231262,0.9396871328353882,0,0,10.940739631652832,0,1,0.6075071692466736,0.3346536159515381,-0.7203760743141174,0,-0.6078302264213562,0.779697835445404,-0.15038327872753143,0,0.5113489627838135,0.5292248725891113,0.6770840883255005,0,0,12.050021171569824,0,1,0.9997460246086121,0.02088407799601555,-0.008428063243627548,0,-0.018565919250249863,0.9761199355125427,0.2164391577243805,0,0.012746937572956085,-0.21622779965400696,0.9762601256370544,0,0,3.866805076599121,0,1,0.9988210201263428,0.04836017265915871,-0.004159952979534864,0,-0.045638833194971085,0.9648710489273071,0.2587299048900604,0,0.01652604714035988,-0.2582350969314575,0.9659410119056702,0,0,2.8685810565948486,0,1,0.9954019784927368,0.017850054427981377,0.0941101536154747,0,0.021409055218100548,0.9161709547042847,-0.400215208530426,0,-0.09336483478546143,0.40038976073265076,0.9115760326385498,0,-0.19635500013828278,1.4462870359420776,0.4272109866142273,1,-0.8427951335906982,0.009463721886277199,0.5381509065628052,0,0.18738597631454468,-0.9321348667144775,0.3098563253879547,0,0.5045619010925293,0.36198756098747253,0.7838258743286133,0,5.148238182067871,-2.8255040645599365,-0.2674959897994995,1,0.9869439601898193,-0.13577136397361755,-0.0866454690694809,0,-0.049593400210142136,0.2556504011154175,-0.9654967188835144,0,0.15323768556118011,0.9571877121925354,0.24557916820049286,0,0,20.59090232849121,0,1,0.9566351771354675,0.2910554111003876,-0.01168651320040226,0,-0.15576450526714325,0.545041561126709,0.8238123655319214,0,0.2461445927619934,-0.7862672805786133,0.5667418241500854,0,0,17.32342529296875,0,1,0.9938650131225586,-0.06217553839087486,0.09146896749734879,0,-0.03934049606323242,0.574201762676239,0.8177685141563416,0,-0.10336679220199585,-0.8163495063781738,0.5682327151298523,0,0,8.471383094787598,0,1,-0.9989041686058044,-0.046248652040958405,-0.007171718869358301,0,0.04183182120323181,-0.9510083198547363,0.3063245117664337,0,-0.02098744735121727,0.30568861961364746,0.9519001245498657,0,-5.148238182067871,-2.8255040645599365,0.2669900059700012,1,0.9808829426765442,-0.1741960495710373,0.08673801273107529,0,0.17347590625286102,0.5807962417602539,-0.795350968837738,0,0.08816986531019211,0.7951931357383728,0.5999118685722351,0,0,20.626569747924805,0,1,0.9998080134391785,0.003033244051039219,-0.01933901757001877,0,0.018667036667466164,0.14972637593746185,0.9885510802268982,0,0.005894081201404333,-0.9887229204177856,0.14964108169078827,0,0,17.337238311767578,0,1,0.999879002571106,-0.0035167245659977198,-0.015127803198993206,0,0.012739277444779873,0.7428699135780334,0.6693150997161865,0,0.008884195238351822,-0.6694269180297852,0.742824912071228,0,0,8.49565315246582,0,1
K0.067,0.8374066948890686,0.10161171108484268,0.5370524525642395,0,0.012146761640906334,0.9788659811019897,-0.20414398610591888,0,-0.5464455485343933,0.17747490108013153,0.818474292755127,0,-0.40620455145835876,42.520118713378906,-0.16007377207279205,1,0.9955260157585144,0.026640886440873146,0.09065713733434677,0,-0.04161727428436279,0.9849839806556702,0.16755692660808563,0,-0.08483188599348068,-0.17058004438877106,0.9816849827766418,0,0,5.091618061065674,-0.33338499069213867,1,0.9991120100021362,0.0019627863075584173,0.0420989990234375,0,-0.003477285383269191,0.9993480443954468,0.03593175858259201,0,-0.042001012712717056,-0.03604622557759285,0.998466968536377,0,0,5.952936172485352,0,1,0.9990969300270081,0.002694441005587578,0.042409226298332214,0,-0.004198630806058645,0.9993639588356018,0.035419464111328125,0,-0.04228678345680237,-0.035565510392189026,0.9984719753265381,0,0,6.803362846374512,0,1,0.9672600030899048,-0.014689868316054344,-0.25336283445358276,0,0.08868636190891266,0.9549489617347717,0.2832092344760895,0,0.2377881109714508,-0.2964065968990326,0.9249861240386963,0,0,7.653775215148926,0,1,0.9821739196777344,0.12083427608013153,-0.1439930498600006,0,-0.07241170853376389,0.95011305809021,0.3033849895000458,0,0.17346897721290588,-0.28755003213882446,0.9419260025024414,0,0,5.327849864959717,1.4227420091629028,1,0.1527051031589508,0.005551176145672798,-0.98825603723526,0,0.8820430040359497,-0.4517861008644104,0.1337553858757019,0,-0.44573745131492615,-0.8921087980270386,-0.0738864317536354,0,3.0558409690856934,6.244616985321045,-0.10270600020885468,1,0.5123216509819031,0.3169153928756714,0.798180103302002,0,-0.6416316628456116,0.7590153217315674,0.11047402024269104,0,-0.5708200335502625,-0.5687358975410461,0.5922030210494995,0,0,6.837014198303223,0,1,0.5183619856834412,0.8442540764808655,0.13614670932292938,0,-0.84527188539505,0.48169007897377014,0.23128017783164978,0,0.12967869639396667,-0.23496784269809723,0.9633141160011292,0,0,10.956942558288574,0,1,-0.860538125038147,0.27725470066070557,0.42732173204421997,0,0.3770213723182678,0.9107838273048401,0.16830915212631226,0,-0.342533141374588,0.30594581365585327,-0.8882948756217957,0,0,12.043248176574707,0,1,-0.9011110067367554,0.42320016026496887,0.09433752298355103,0,0.42036885023117065,0.7993963360786438,0.4292495548725128,0,0.10624551773071289,0.4264584481716156,-0.8982458710670471,0,0,3.913239002227783,0,1,0.8234090209007263,0.5194210410118103,-0.22847285866737366,0,-0.46565696597099304,0.8486080765724182,0.2510527968406677,0,0.3242861330509186,-0.1003291979432106,0.9406238794326782,0,0,2.573965072631836,0,1,0.8888829350471497,-0.3586207628250122,0.28509438037872314,0,0.1837822049856186,0.8491511940956116,0.4951425790786743,0,-0.41965657472610474,-0.38772842288017273,0.8207039833068848,0,-0.2576259970664978,1.4440679550170898,-2.204097032546997,1,0.05995110794901848,-0.009214630350470543,0.9981589913368225,0,-0.8984640836715698,-0.43619778752326965,0.04993639513850212,0,0.43493443727493286,-0.8998032212257385,-0.034429457038640976,0,-3.0558409690856934,6.24325704574585,-0.08191999793052673,1,0.45063719153404236,-0.8718288540840149,-0.1919378936290741,0,0.8354161977767944,0.33607080578804016,0.434897780418396,0,-0.3146517276763916,-0.35632917284965515,0.8797860145568848,0,0,6.837014198303223,0,1,-0.07031790167093277,-0.9640810489654541,-0.2561318576335907,0,0.9649100303649902,-0.13085883855819702,0.22764867544174194,0,-0.2529888451099396,-0.23113633692264557,0.9394529461860657,0,0,10.940739631652832,0,1,0.6156869530677795,0.31909579038619995,-0.7204921245574951,0,-0.6006543040275574,0.7818726897239685,-0.16700083017349243,0,0.5100438594818115,0.535586953163147,0.6730551719665527,0,0,12.050021171569824,0,1,0.9997460246086121,0.02088407799601555,-0.008428063243627548,0,-0.018565919250249863,0.9761199355125427,0.2164391577243805,0,0.012746937572956085,-0.21622779965400696,0.9762601256370544,0,0,3.866805076599121,0,1,0.9988210201263428,0.04836017265915871,-0.004159952979534864,0,-0.045638833194971085,0.9648710489273071,0.2587299048900604,0,0.01652604714035988,-0.2582350969314575,0.9659410119056702,0,0,2.8685810565948486,0,1,0.9954019784927368,0.017850082367658615,0.0941101536154747,0,0.021409081295132637,0.9161710739135742,-0.4002157747745514,0,-0.09336483478546143,0.4003901779651642,0.9115758538246155,0,-0.19635500013828278,1.4462870359420776,0.4272109866142273,1,-0.8465659618377686,0.00859834998846054,0.5322141647338867,0,0.20851515233516693,-0.9146003127098083,0.3464505076408386,0,0.4897419810295105,0.4042677879333496,0.7724761962890625,0,5.148238182067871,-2.8255040645599365,-0.2674959897994995,1,0.9867079854011536,-0.12813597917556763,-0.0999428853392601,0,-0.04731793329119682,0.3618217408657074,-0.9310454726219177,0,0.15546196699142456,0.9233992695808411,0.35094931721687317,0,0,20.59090232849121,0,1,0.9687389135360718,0.2447792887687683,-0.04033645614981651,0,-0.09655971080064774,0.5218144655227661,0.8475766181945801,0,0.22851742804050446,-0.8171858787536621,0.5291380286216736,0,0,17.32342529296875,0,1,0.9953899383544922,-0.05399858579039574,0.07926002144813538,0,-0.026413628831505775,0.6401203870773315,0.767820417881012,0,-0.09219720214605331,-0.7663744688034058,0.6357433199882507,0,0,8.471383094787598,0,1,-0.9995900392532349,-0.020757991820573807,-0.01972188800573349,0,0.014825500547885895,-0.9644818902015686,0.26373156905174255,0,-0.024495961144566536,0.26333126425743103,0.9643949270248413,0,-5.148238182067871,-2.8255040645599365,0.2669900059700012,1,0.9813670516014099,-0.16863088309764862,0.092105932533741,0,0.17475417256355286,0.5840328931808472,-0.7926960587501526,0,0.07988005876541138,0.7940210103988647,0.6026190519332886,0,0,20.626569747924805,0,1,0.9997289776802063,0.01746782287955284,-0.015377413481473923,0,0.013178007677197456,0.11970920115709305,0.9927218556404114,0,0.019181497395038605,-0.9926548600196838,0.11944649368524551,0,0,17.337238311767578,0,1,0.9998800158500671,-0.003511632326990366,-0.015112030319869518,0,0.012721369974315166,0.7431371212005615,0.6690179109573364,0,0.008880970068275928,-0.6691302061080933,0.7430928945541382,0,0,8.49565315246582,0,1
K0.100,0.8358710408210754,0.10336218774318695,0.5391058921813965,0,0.013344189152121544,0.9779950380325317,-0.20819979906082153,0,-0.54876309633255,0.18122221529483795,0.8160988092422485,0,-0.5382810831069946,42.71098327636719,-0.17363199591636658,1,0.9957399964332581,0.02065371908247471,0.08986011892557144,0,-0.03556026890873909,0.9852139949798584,0.16759879887104034,0,-0.08506987243890762,-0.17008019983768463,0.9817509651184082,0,0,5.091618061065674,-0.33338499069213867,1,0.9991410374641418,-0.0016142934327945113,0.041416820138692856,0,0.00008971215720521286,0.9993229508399963,0.03678615018725395,0,-0.04144817590713501,-0.03675084933638573,0.9984650015830994,0,0,5.952936172485352,0,1,0.9991220235824585,-0.0009489445365034044,0.04187903180718422,0,-0.0005669387755915523,0.9993459582328796,0.036170005798339844,0,-0.041885968297719955,-0.036161988973617554,0.9984679818153381,0,0,6.803362846374512,0,1,0.9673920273780823,-0.0008318691398017108,-0.2532818913459778,0,0.07763712108135223,0.9528319835662842,0.29339998960494995,0,0.24109110236167908,-0.30349698662757874,0.921826958656311,0,0,7.653775215148926,0,1,0.9821739196777344,0.12083427608013153,-0.1439930498600006,0,-0.07241170853376389,0.95011305809021,0.3033849895000458,0,0.17346897721290588,-0.28755003213882446,0.9419260025024414,0,0,5.327849864959717,1.4227420091629028,1,0.1503244787454605,0.005612038541585207,-0.9886208772659302,0,0.8823959231376648,-0.45172688364982605,0.13160814344882965,0,-0.4458480477333069,-0.8921388983726501,-0.072857566177845,0,3.0558409690856934,6.244616985321045,-0.10270600020885468,1,0.5173233151435852,0.31761956214904785,0.7946659922599792,0,-0.6392214298248291,0.7608176469802856,0.11203905194997787,0,-0.5690100789070129,-0.5659279227256775,0.5966179370880127,0,0,6.837014198303223,0,1,0.5126131176948547,0.8475030064582825,0.13771972060203552,0,-0.8485239744186401,0.4755029082298279,0.23217003047466278,0,0.13127872347831726,-0.23587198555469513,0.9628760814666748,0,0,10.956942558288574,0,1,-0.8579379320144653,0.2768913209438324,0.4327518939971924,0,0.3794977068901062,0.909341037273407,0.17052915692329407,0,-0.3463010787963867,0.3105318546295166,-0.885237991809845,0,0,12.043248176574707,0,1,-0.901110827922821,0.4232001304626465,0.09433764964342117,0,0.42036882042884827,0.7993960380554199,0.42925015091896057,0,0.10624565184116364,0.42645883560180664,-0.8982449173927307,0,0,3.913239002227783,0,1,0.8234090209007263,0.5194210410118103,-0.22847285866737366,0,-0.46565696597099304,0.8486080765724182,0.2510527968406677,0,0.3242861330509186,-0.1003291979432106,0.9406238794326782,0,0,2.573965072631836,0,1,0.8888829350471497,-0.358620822429657,0.2850942015647888,0,0.183782160282135,0.8491510152816772,0.49514296650886536,0,-0.4196566939353943,-0.3877289891242981,0.8207041025161743,0,-0.2576259970664978,1.4440679550170898,-2.204097032546997,1,0.05843042582273483,-0.00921233743429184,0.9982489943504333,0,-0.8998348712921143,-0.43350639939308167,0.04866936802864075,0,0.43229940533638,-0.9011038541793823,-0.033619608730077744,0,-3.0558409690856934,6.24325704574585,-0.08191999793052673,1,0.45408403873443604,-0.8712959885597229,-0.18614593148231506,0,0.829539954662323,0.3372228145599365,0.4451342523097992,0,-0.32507094740867615,-0.35654371976852417,0.8759021162986755,0,0,6.837014198303223,0,1,-0.07429169863462448,-0.9635329842567444,-0.25706809759140015,0,0.9643620848655701,-0.13505734503269196,0.2275199592113495,0,-0.2539421021938324,-0.23100405931472778,0.9392289519309998,0,0,10.940739631652832,0,1,0.6223939657211304,0.3049699366092682,-0.7208460569381714,0,-0.5945451259613037,0.7831949591636658,-0.18199501931667328,0,0.5090599060058594,0.5418480038642883,0.6687740683555603,0,0,12.050021171569824,0,1,0.9997460246086121,0.020884579047560692,-0.00842800922691822,0,-0.018566418439149857,0.9761199355125427,0.2164391577243805,0,0.012746992520987988,-0.21622778475284576,0.9762601256370544,0,0,3.866805076599121,0,1,0.9988210201263428,0.04836017265915871,-0.004159952979534864,0,-0.045638833194971085,0.9648710489273071,0.2587299048900604,0,0.01652604714035988,-0.2582350969314575,0.9659410119056702,0,0,2.8685810565948486,0,1,0.9954019784927368,0.017850082367658615,0.0941101536154747,0,0.021409081295132637,0.9161710739135742,-0.4002157747745514,0,-0.09336483478546143,0.4003901779651642,0.9115758538246155,0,-0.19635500013828278,1.4462870359420776,0.4272109866142273,1,-0.8514670729637146,0.004224004689604044,0.524390697479248,0,0.22274401783943176,-0.9023659229278564,0.368943989276886,0,0.47475123405456543,0.43094900250434875,0.7673949003219604,0,5.148238182067871,-2.8255040645599365,-0.2674959897994995,1,0.9863570332527161,-0.11820580810308456,-0.11457496136426926,0,-0.04286180064082146,0.487582266330719,-0.87202388048172,0,0.1589430570602417,0.8650381565093994,0.47586387395858765,0,0,20.59090232849121,0,1,0.9795140027999878,0.19499097764492035,-0.05029865354299545,0,-0.05566198378801346,0.5022128224372864,0.8629509806632996,0,0.19352827966213226,-0.8424729108810425,0.5027780532836914,0,0,17.32342529296875,0,1,0.9995610117912292,-0.010634013451635838,0.02766263112425804,0,-0.010559020563960075,0.7443673014640808,0.6676875948905945,0,-0.027691340073943138,-0.6676861643791199,0.7439277172088623,0,0,8.471383094787598,0,1,-0.9995599389076233,0.0037302908021956682,-0.02944115549325943,0,-0.010094746015965939,-0.9756478071212769,0.21911008656024933,0,-0.02790685184299946,0.21931083500385284,0.975256085395813,0,-5.148238182067871,-2.8255040645599365,0.2669900059700012,1,0.9818230867385864,-0.164093017578125,0.09537870436906815,0,0.17549099028110504,0.5934450626373291,-0.7855099439620972,0,0.072294682264328,0.7879700064659119,0.611454963684082,0,0,20.626569747924805,0,1,0.9993709921836853,0.033967699855566025,-0.01016928255558014,0,0.0068276869133114815,0.09708093106746674,0.9952530264854431,0,0.03479371964931488,-0.9946970343589783,0.09678801149129868,0,0,17.337238311767578,0,1,0.9998779892921448,-0.00354010215960443,-0.015189203433692455,0,0.01281189825385809,0.7418037056922913,0.6704942584037781,0,0.008893797174096107,-0.6706076860427856,0.7417592406272888,0,0,8.49565315246582,0,1
K0.133,0.8330479264259338,0.10417913645505905,0.543302059173584,0,0.015314202755689621,0.9773879647254944,-0.21089723706245422,0,-0.5529881119728088,0.18400780856609344,0.8126159310340881,0,-0.6198294162750244,42.896053314208984,-0.1831771582365036,1,0.9960179924964905,0.01599096693098545,0.08770689368247986,0,-0.030464937910437584,0.9856099486351013,0.16626706719398499,0,-0.08378598839044571,-0.16827692091464996,0.9821720123291016,0,0,5.091618061065674,-0.33338499069213867,1,0.9991719722747803,-0.005180086474865675,0.040350884199142456,0,0.003659977810457349,0.999284029006958,0.037655435502529144,0,-0.04051707312464714,-0.037476591765880585,0.9984760284423828,0,0,5.952936172485352,0,1,0.9991529583930969,-0.004616755526512861,0.040884267538785934,0,0.0031063114292919636,0.9993129968643188,0.036931153386831284,0,-0.04102668911218643,-0.03677287697792053,0.998481035232544,0,0,6.803362846374512,0,1,0.9674091339111328,0.011205925606191158,-0.2529727518558502,0,0.06799676269292831,0.9508321285247803,0.3021497130393982,0,0.243920236825943,-0.30950337648391724,0.9190807938575745,0,0,7.653775215148926,0,1,0.9821739196777344,0.12083427608013153,-0.1439930498600006,0,-0.07241170853376389,0.95011305809021,0.3033849895000458,0,0.17346897721290588,-0.28755003213882446,0.9419260025024414,0,0,5.327849864959717,1.4227420091629028,1,0.15453411638736725,0.005224936176091433,-0.9879740476608276,0,0.8788638710975647,-0.45755836367607117,0.13504783809185028,0,-0.45135003328323364,-0.8891640305519104,-0.07530040293931961,0,3.0558409690856934,6.244616985321045,-0.10270600020885468,1,0.5191320776939392,0.31841906905174255,0.7931658625602722,0,-0.633790910243988,0.76602703332901,0.10729604959487915,0,-0.573421061038971,-0.558401882648468,0.5994800329208374,0,0,6.837014198303223,0,1,0.5050156712532043,0.8517131805419922,0.13979817926883698,0,-0.852739691734314,0.46732720732688904,0.2333233505487442,0,0.13339319825172424,-0.2370436042547226,0.9622980952262878,0,0,10.956942558288574,0,1,-0.8525061011314392,0.27950602769851685,0.44171297550201416,0,0.3868721127510071,0.9056469202041626,0.17359019815921783,0,-0.3515162467956543,0.3188728988170624,-0.880202054977417,0,0,12.043248176574707,0,1,-0.9011110663414001,0.4232001304626465,0.09433692693710327,0,0.42036890983581543,0.7993971109390259,0.4292498528957367,0,0.10624592006206512,0.4264581501483917,-0.8982459902763367,0,0,3.913239002227783,0,1,0.8234087228775024,0.519421398639679,-0.22847296297550201,0,-0.4656575918197632,0.848608136177063,0.2510523796081543,0,0.32428601384162903,-0.10032858699560165,0.9406239986419678,0,0,2.573965072631836,0,1,0.8888829350471497,-0.358620822429657,0.2850942015647888,0,0.183782160282135,0.8491510152816772,0.49514296650886536,0,-0.4196566939353943,-0.3877289891242981,0.8207041025161743,0,-0.2576259970664978,1.4440679550170898,-2.204097032546997,1,0.05785927176475525,-0.009188033640384674,0.9982820153236389,0,-0.9010441303253174,-0.4310348331928253,0.04825630038976669,0,0.429851233959198,-0.9022888541221619,-0.033218204975128174,0,-3.0558409690856934,6.24325704574585,-0.08191999793052673,1,0.45747172832489014,-0.8707320094108582,-0.1804054081439972,0,0.8249339461326599,0.33983114361763,0.4516611099243164,0,-0.3319685459136963,-0.35544490814208984,0.8737598061561584,0,0,6.837014198303223,0,1,-0.0782286524772644,-0.9629731178283691,-0.2579977512359619,0,0.9638020992279053,-0.13921718299388885,0.22738759219646454,0,-0.2548857629299164,-0.23087045550346375,0.9390059113502502,0,0,10.940739631652832,0,1,0.6261271238327026,0.2902657687664032,-0.7236790060997009,0,-0.5890100598335266,0.784231960773468,-0.1950581669807434,0,0.510913074016571,0.5483850836753845,0.6619978547096252,0,0,12.050021171569824,0,1,0.9997460246086121,0.02088407799601555,-0.008428063243627548,0,-0.018565919250249863,0.9761199355125427,0.2164391577243805,0,0.012746937572956085,-0.21622779965400696,0.9762601256370544,0,0,3.866805076599121,0,1,0.9988210201263428,0.04836017265915871,-0.004159952979534864,0,-0.045638833194971085,0.9648710489273071,0.2587299048900604,0,0.01652604714035988,-0.2582350969314575,0.9659410119056702,0,0,2.8685810565948486,0,1,0.9954019784927368,0.017850082367658615,0.0941101536154747,0,0.021409081295132637,0.9161710739135742,-0.4002157747745514,0,-0.09336483478546143,0.4003901779651642,0.9115758538246155,0,-0.19635500013828278,1.4462870359420776,0.4272109866142273,1,-0.85713791847229,-0.0028503944631665945,0.5150790214538574,0,0.22950968146324158,-0.8973440527915955,0.3769589960575104,0,0.4611288905143738,0.4413217306137085,0.7698022723197937,0,5.148238182067871,-2.8255040645599365,-0.2674959897994995,1,0.9860640168190002,-0.10703089833259583,-0.1273650825023651,0,-0.036228008568286896,0.6090573072433472,-0.792297899723053,0,0.16237306594848633,0.7858709692955017,0.5966922640800476,0,0,20.59090232849121,0,1,0.9880220890045166,0.14949533343315125,-0.03826189786195755,0,-0.03801529109477997,0.47610554099082947,0.8785662651062012,0,0.14955823123455048,-0.8665881752967834,0.4760858416557312,0,0,17.32342529296875,0,1,0.9999340176582336,0.0027702199295163155,0.011180314235389233,0,-0.009209745563566685,0.7752333879470825,0.6316075325012207,0,-0.006917657796293497,-0.6316685676574707,0.7752073407173157,0,0,8.471383094787598,0,1,-0.9989798665046692,0.028613412752747536,-0.03493228554725647,0,-0.03429112210869789,-0.9840409755706787,0.17460554838180542,0,-0.02937876060605049,0.17562541365623474,0.9840191006660461,0,-5.148238182067871,-2.8255040645599365,0.2669900059700012,1,0.9823280572891235,-0.15914461016654968,0.09850873798131943,0,0.17601130902767181,0.6065033078193665,-0.775353729724884,0,0.06364753097295761,0.7789910435676575,0.6237970590591431,0,0,20.626569747924805,0,1,0.9988549947738647,0.04750652611255646,-0.0055528501980006695,0,0.0017433821922168136,0.07985693216323853,0.9968050122261047,0,0.04779820889234543,-0.9956739544868469,0.07968272268772125,0,0,17.337238311767578,0,1,0.9998759627342224,-0.003600136376917362,-0.015355005860328674,0,0.01300586573779583,0.7389289140701294,0.6736570596694946,0,0.008920998312532902,-0.6737730503082275,0.738883912563324,0,0,8.49565315246582,0,1
