1.333,30,40,33
B0,mixamorig_Hips,-1,0.8412299752235413,0.09020400047302246,0.5331000089645386,0,0.014503000304102898,0.9818649888038635,-0.18902400135993958,0,-0.5404840111732483,0.16674399375915527,0.8246660232543945,0,-0.01889600045979023,42.13298034667969,-0.10790599882602692,1
B1,mixamorig_Spine,0,0.9943349957466125,0.04752799868583679,0.09507399797439575,0,-0.06254199892282486,0.984844982624054,0.1617709994316101,0,-0.0859450027346611,-0.16680100560188293,0.9822379946708679,0,0,5.091618061065674,-0.33338499069213867,1
B2,mixamorig_Spine1,1,0.9990599751472473,0.010258999653160572,0.042107999324798584,0,-0.01172299962490797,0.9993299841880798,0.034662000834941864,0,-0.04172400012612343,-0.03512300178408623,0.9985120296478271,0,0,5.952936172485352,0,1
B3,mixamorig_Spine2,2,0.9990530014038086,0.010976999998092651,0.04209199920296669,0,-0.012431000359356403,0.9993289709091187,0.034442998468875885,0,-0.04168599843978882,-0.03493399918079376,0.998520016670227,0,0,6.803362846374512,0,1
B4,mixamorig_Neck,3,0.9666460156440735,-0.04053699970245361,-0.2528879940509796,0,0.1092739999294281,0.9582890272140503,0.26408401131629944,0,0.23163500428199768,-0.28290998935699463,0.9307559728622437,0,0,7.653775215148926,0,1
B5,mixamorig_Head,4,0.9821739792823792,0.12083400040864944,-0.14399300515651703,0,-0.07241199910640717,0.9501129984855652,0.3033849895000458,0,0.17346900701522827,-0.2875500023365021,0.9419260025024414,0,0,5.327849864959717,1.4227420091629028,1
B6,mixamorig_HeadTop_End,5,1,0,0,0,0,1,0,0,0,0,1,0,0,10.1077880859375,2.6991701126098633,1
B7,mixamorig_LeftShoulder,3,0.16792500019073486,0.004614999983459711,-0.9857890009880066,0,0.8748739957809448,-0.46154698729515076,0.14687000215053558,0,-0.45430999994277954,-0.8871039748191833,-0.0815420001745224,0,3.0558409690856934,6.244616985321045,-0.10270600020885468,1
B8,mixamorig_LeftArm,7,0.49713200330734253,0.32086798548698425,0.8061659932136536,0,-0.6431469917297363,0.7599340081214905,0.09413699805736542,0,-0.5824270248413086,-0.5652819871902466,0.5841529965400696,0,0,6.837014198303223,0,1
B9,mixamorig_LeftForeArm,8,0.5289279818534851,0.8381400108337402,0.1332560032606125,0,-0.8391500115394592,0.49305999279022217,0.22960500419139862,0,0.12673799693584442,-0.23326599597930908,0.9641180038452148,0,0,10.956942558288574,0,1
B10,mixamorig_LeftHand,9,-0.8642259836196899,0.2831510007381439,0.41585901379585266,0,0.37837499380111694,0.9105859994888306,0.16632600128650665,0,-0.3315800130367279,0.3010939955711365,-0.8940899968147278,0,0,12.043248176574707,0,1
B11,mixamorig_LeftHandIndex1,10,-0.9004899859428406,0.4251149892807007,0.09162399917840958,0,0.41229701042175293,0.767562985420227,0.4907729923725128,0,0.13830800354480743,0.47971200942993164,-0.8664569854736328,0,0,3.913239002227783,0,1
B12,mixamorig_LeftHandIndex2,11,0.823062002658844,0.5198130011558533,-0.2288309931755066,0,-0.4662240147590637,0.8484699726104736,0.250467985868454,0,0.32435300946235657,-0.09946399927139282,0.9406920075416565,0,0,2.573965072631836,0,1
B13,mixamorig_LeftHandIndex3,12,0.8889700174331665,-0.35844698548316956,0.2850399911403656,0,0.18375100195407867,0.8492839932441711,0.49492698907852173,0,-0.4194850027561188,-0.38759899139404297,0.8208529949188232,0,-0.2576259970664978,1.4440679550170898,-2.204097032546997,1
B14,mixamorig_LeftHandIndex4,13,1,0,0,0,0,1,0,0,0,0,1,0,-1.501837968826294,-0.7430260181427002,-1.558176040649414,1
B15,mixamorig_RightShoulder,3,0.06354500353336334,-0.009181000292301178,0.997937023639679,0,-0.8961899876594543,-0.44049298763275146,0.05301399901509285,0,0.43909698724746704,-0.8977090120315552,-0.036219000816345215,0,-3.0558409690856934,6.24325704574585,-0.08191999793052673,1
B16,mixamorig_RightArm,15,0.44277098774909973,-0.8719729781150818,-0.20884500443935394,0,0.8490909934043884,0.3329220116138458,0.4101310074329376,0,-0.28809401392936707,-0.3589229881763458,0.8877930045127869,0,0,6.837014198303223,0,1
B17,mixamorig_RightForeArm,16,-0.06312199681997299,-0.9650279879570007,-0.2544330060482025,0,0.965857982635498,-0.12325599789619446,0.22787299752235413,0,-0.2512640058994293,-0.23136299848556519,0.9398599863052368,0,0,10.940739631652832,0,1
B18,mixamorig_RightHand,17,0.5969210267066956,0.3534649908542633,-0.7202420234680176,0,-0.6183369755744934,0.7747020125389099,-0.13227300345897675,0,0.5112190246582031,0.524308979511261,0.6809960007667542,0,0,12.050021171569824,0,1
B19,mixamorig_RightHandIndex1,18,0.9993039965629578,0.03619600087404251,-0.00901500042527914,0,-0.03259899839758873,0.9649109840393066,0.260547012090683,0,0.018129000440239906,-0.2600719928741455,0.9654189944267273,0,0,3.866805076599121,0,1
B20,mixamorig_RightHandIndex2,19,0.9929540157318115,0.11767199635505676,0.013953999616205692,0,-0.11086100339889526,0.8809170126914978,0.46010300517082214,0,0.04184899851679802,-0.458407998085022,0.8877559900283813,0,0,2.8685810565948486,0,1
B21,mixamorig_RightHandIndex3,20,0.9954019784927368,0.01787099987268448,0.09410899877548218,0,0.02138100005686283,0.9162070155143738,-0.40013501048088074,0,-0.09337399899959564,0.4003080129623413,0.911611020565033,0,-0.19635500013828278,1.4462870359420776,0.4272109866142273,1
B22,mixamorig_RightHandIndex4,21,1,0,0,0,0,1,0,0,0,0,1,0,-0.3481369912624359,0.6542289853096008,1.8257249593734741,1
B23,mixamorig_LeftUpLeg,0,-0.8388059735298157,0.013256000354886055,0.5442690253257751,0,0.1504179984331131,-0.9551479816436768,0.25508201122283936,0,0.5232380032539368,0.2958329916000366,0.7991899847984314,0,5.148238182067871,-2.8255040645599365,-0.2674959897994995,1
B24,mixamorig_LeftLeg,23,0.9874740242958069,-0.13695299625396729,-0.07835499942302704,0,-0.050953999161720276,0.19320400059223175,-0.9798349738121033,0,0.1493300050497055,0.9715530276298523,0.18380500376224518,0,0,20.59090232849121,0,1
B25,mixamorig_LeftFoot,24,0.9426860213279724,0.3321700096130371,0.03170999884605408,0,-0.22954300045967102,0.5765780210494995,0.7841349840164185,0,0.24218299984931946,-0.7464720010757446,0.6197800040245056,0,0,17.32342529296875,0,1
B26,mixamorig_LeftToeBase,25,0.9905970096588135,-0.08120399713516235,0.11010400205850601,0,-0.044411998242139816,0.5703380107879639,0.8202090263366699,0,-0.12939999997615814,-0.8173859715461731,0.561369001865387,0,0,8.471383094787598,0,1
B27,mixamorig_LeftToe_End,26,1,0,0,0,0,1,0,0,0,0,1,0,0,3.542923927307129,0,1
B28,mixamorig_RightUpLeg,0,-0.9975379705429077,-0.06977500021457672,0.0070859999395906925,0,0.06786199659109116,-0.9347879886627197,0.34866398572921753,0,-0.01770400069653988,0.3482860028743744,0.9372209906578064,0,-5.148238182067871,-2.8255040645599365,0.2669900059700012,1
B29,mixamorig_RightLeg,28,0.9805039763450623,-0.17891600728034973,0.0812470018863678,0,0.1720840036869049,0.5822309851646423,-0.7946029901504517,0,0.09486199915409088,0.7930930256843567,0.6016680002212524,0,0,20.626569747924805,0,1
B30,mixamorig_RightFoot,29,0.9997609853744507,-0.005412000231444836,-0.02116999961435795,0,0.021810999140143394,0.18895600736141205,0.9817429780960083,0,-0.0013129999861121178,-0.981971025466919,0.18902899324893951,0,0,17.337238311767578,0,1
B31,mixamorig_RightToeBase,30,0.9998779892921448,-0.0035379999317228794,-0.015184000134468079,0,0.01280600018799305,0.7418839931488037,0.6704059839248657,0,0.008892999961972237,-0.6705189943313599,0.7418389916419983,0,0,8.49565315246582,0,1
B32,mixamorig_RightToe_End,31,1,0,0,0,0,1,0,0,0,0,1,0,0,3.508960008621216,0,1
@28,0,1,2,3,4,5,7,8,9,10,11,12,13,15,16,17,18,19,20,21,23,24,25,26,28,29,30,31
K0,0.8412297368049622,0.09020408987998962,0.5331003665924072,0,0.01450309343636036,0.9818650484085083,-0.18902383744716644,0,-0.5404835939407349,0.1667441576719284,0.8246662020683289,0,-0.01889600045979023,42.13298034667969,-0.10790599882602692,1,0.9943349361419678,0.04752785339951515,0.09507425874471664,0,-0.0625421404838562,0.9848449230194092,0.16177116334438324,0,-0.0859447494149208,-0.166800856590271,0.9822381138801575,0,0,5.091618061065674,-0.33338499069213867,1,0.9990599751472473,0.010259156115353107,0.04210788384079933,0,-0.011722843162715435,0.9993299841880798,0.03466196358203888,0,-0.04172411561012268,-0.03512303903698921,0.9985119700431824,0,0,5.952936172485352,0,1,0.9990530014038086,0.010976904071867466,0.04209214076399803,0,-0.012431096285581589,0.9993289709091187,0.034443166106939316,0,-0.04168585315346718,-0.03493382781744003,0.9985199570655823,0,0,6.803362846374512,0,1,0.9666459560394287,-0.04053669050335884,-0.25288814306259155,0,0.10927431285381317,0.9582889676094055,0.26408401131629944,0,0.23163487017154694,-0.28290998935699463,0.9307559728622437,0,0,7.653775215148926,0,1,0.9821739196777344,0.12083427608013153,-0.1439930498600006,0,-0.07241170853376389,0.95011305809021,0.3033849895000458,0,0.17346897721290588,-0.28755003213882446,0.9419260025024414,0,0,5.327849864959717,1.4227420091629028,1,0.16792455315589905,0.004614947829395533,-0.9857890605926514,0,0.8748740553855896,-0.46154698729515076,0.14687003195285797,0,-0.45430997014045715,-0.8871040940284729,-0.08154259622097015,0,3.0558409690856934,6.244616985321045,-0.10270600020885468,1,0.4971321225166321,0.3208681643009186,0.8061657547950745,0,-0.6431467533111572,0.75993412733078,0.0941372811794281,0,-0.5824272036552429,-0.5652816295623779,0.5841529965400696,0,0,6.837014198303223,0,1,0.5289278626441956,0.8381401300430298,0.13325591385364532,0,-0.8391499519348145,0.4930602014064789,0.22960498929023743,0,0.12673790752887726,-0.23326604068279266,0.9641180038452148,0,0,10.956942558288574,0,1,-0.8642259240150452,0.2831510305404663,0.4158588647842407,0,0.37837493419647217,0.9105859994888306,0.16632595658302307,0,-0.33158013224601746,0.3010939955711365,-0.8940898776054382,0,0,12.043248176574707,0,1,-0.900489866733551,0.42511510848999023,0.09162385761737823,0,0.4122968912124634,0.7675631642341614,0.4907727539539337,0,0.1383078694343567,0.4797123074531555,-0.8664568066596985,0,0,3.913239002227783,0,1,0.8230618238449097,0.5198131799697876,-0.2288311868906021,0,-0.466223806142807,0.8484700322151184,0.2504679560661316,0,0.32435280084609985,-0.09946401417255402,0.9406920671463013,0,0,2.573965072631836,0,1,0.8889700174331665,-0.3584469258785248,0.285040020942688,0,0.18375107645988464,0.8492839336395264,0.4949270188808441,0,-0.4194850027561188,-0.3875989019870758,0.820853054523468,0,-0.2576259970664978,1.4440679550170898,-2.204097032546997,1,0.06354530900716782,-0.009180823341012001,0.9979369044303894,0,-0.8961900472640991,-0.4404926002025604,0.05301390960812569,0,0.4390967786312103,-0.8977090716362,-0.03621888905763626,0,-3.0558409690856934,6.24325704574585,-0.08191999793052673,1,0.4427710175514221,-0.8719729781150818,-0.20884518325328827,0,0.8490909934043884,0.33292198181152344,0.4101310968399048,0,-0.2880941927433014,-0.3589228689670563,0.8877929449081421,0,0,6.837014198303223,0,1,-0.06312202662229538,-0.9650278091430664,-0.25443342328071594,0,0.9658578634262085,-0.12325599789619446,0.22787319123744965,0,-0.25126445293426514,-0.2313627153635025,0.939859926700592,0,0,10.940739631652832,0,1,0.5969210267066956,0.3534647822380066,-0.7202420830726624,0,-0.6183371543884277,0.7747018933296204,-0.13227303326129913,0,0.5112189054489136,0.5243088603019714,0.6809960603713989,0,0,12.050021171569824,0,1,0.9993039965629578,0.036195579916238785,-0.009014835581183434,0,-0.03259941190481186,0.9649109840393066,0.2605471611022949,0,0.01812916249036789,-0.26007184386253357,0.9654189944267273,0,0,3.866805076599121,0,1,0.9929539561271667,0.11767216771841049,0.01395400334149599,0,-0.11086083203554153,0.8809171319007874,0.4601028561592102,0,0.04184899851679802,-0.4584081470966339,0.8877558708190918,0,0,2.8685810565948486,0,1,0.9954019784927368,0.017871061339974403,0.0941089615225792,0,0.021381061524152756,0.9162068367004395,-0.40013551712036133,0,-0.09337404370307922,0.4003075361251831,0.9116112589836121,0,-0.19635500013828278,1.4462870359420776,0.4272109866142273,1,-0.8388063311576843,0.013256199657917023,0.5442686676979065,0,0.1504182070493698,-0.955147922039032,0.2550824284553528,0,0.5232383608818054,0.2958326041698456,0.7991898655891418,0,5.148238182067871,-2.8255040645599365,-0.2674959897994995,1,0.9874739646911621,-0.13695281744003296,-0.07835542410612106,0,-0.050953835248947144,0.19320382177829742,-0.9798349738121033,0,0.14932957291603088,0.9715529680252075,0.18380527198314667,0,0,20.59090232849121,0,1,0.9426860213279724,0.3321700692176819,0.03170996531844139,0,-0.22954294085502625,0.5765781998634338,0.7841348052024841,0,0.24218297004699707,-0.7464720606803894,0.6197798252105713,0,0,17.32342529296875,0,1,0.9905970692634583,-0.0812038853764534,0.11010361462831497,0,-0.044411882758140564,0.5703381896018982,0.8202089071273804,0,-0.12940038740634918,-0.8173860907554626,0.5613687038421631,0,0,8.471383094787598,0,1,-0.9975378513336182,-0.06977470964193344,0.00708600040525198,0,0.06786227971315384,-0.934787929058075,0.34866389632225037,0,-0.017704002559185028,0.34828609228134155,0.9372209310531616,0,-5.148238182067871,-2.8255040645599365,0.2669900059700012,1,0.9805039763450623,-0.1789155900478363,0.0812472477555275,0,0.17208443582057953,0.5822306871414185,-0.7946031093597412,0,0.09486224502325058,0.7930929064750671,0.601668119430542,0,0,20.626569747924805,0,1,0.9997609853744507,-0.005411830730736256,-0.021169858053326607,0,0.021811170503497124,0.18895591795444489,0.9817429780960083,0,-0.001312857959419489,-0.981971025466919,0.18902897834777832,0,0,17.337238311767578,0,1,0.9998779892921448,-0.0035380793269723654,-0.015184103511273861,0,0.012805921025574207,0.7418839335441589,0.6704060435295105,0,0.008892896585166454,-0.6705189347267151,0.7418390512466431,0,0,8.49565315246582,0,1
K0.033,0.8394570350646973,0.09230763465166092,0.5355288982391357,0,0.013753652572631836,0.9815430045127869,-0.19074510037899017,0,-0.5432521104812622,0.16748788952827454,0.8226940035820007,0,-0.08803373575210571,42.48021697998047,-0.4645344316959381,1,0.9947230815887451,0.0420965775847435,0.09355980902910233,0,-0.057008348405361176,0.9849910736083984,0.1629199981689453,0,-0.08529718965291977,-0.16739395260810852,0.9821929931640625,0,0,5.091618061065674,-0.33338499069213867,1,0.9990899562835693,0.00968021061271429,0.041539110243320465,0,-0.011142758652567863,0.9993209838867188,0.0351230688393116,0,-0.041170887649059296,-0.0355539508163929,0.9985190033912659,0,0,5.952936172485352,0,1,0.999082088470459,0.010403008200228214,0.0415632426738739,0,-0.011857961304485798,0.9993199706077576,0.034914106130599976,0,-0.04117176681756973,-0.03537490963935852,0.9985260367393494,0,0,6.803362846374512,0,1,0.9667040705680847,-0.03896600753068924,-0.25291186571121216,0,0.10753397643566132,0.9586960077285767,0.2633208632469177,0,0.23220516741275787,-0.2817501127719879,0.9309659600257874,0,0,7.653775215148926,0,1,0.9815899133682251,0.12273891270160675,-0.14633919298648834,0,-0.0738971084356308,0.9505680203437805,0.3015940189361572,0,0.17612285912036896,-0.2852279245853424,0.9421390891075134,0,0,5.327849864959717,1.4227420091629028,1,0.1595011055469513,0.005190606694668531,-0.9871840476989746,0,0.8790642619132996,-0.4557938873767853,0.13963547348976135,0,-0.44922763109207153,-0.8900703191757202,-0.07726256549358368,0,3.0558409690856934,6.244616985321045,-0.10270600020885468,1,0.500318169593811,0.3232729136943817,0.8032288551330566,0,-0.6473849415779114,0.7556920647621155,0.09910465031862259,0,-0.5749559998512268,-0.5695823431015015,0.5873686671257019,0,0,6.837014198303223,0,1,0.5252631306648254,0.8402818441390991,0.1342582404613495,0,-0.8412942886352539,0.48911648988723755,0.23019203543663025,0,0.1277582347393036,-0.2338620275259018,0.9638389348983765,0,0,10.956942558288574,0,1,-0.8640048503875732,0.2863851487636566,0.41410112380981445,0,0.3801710605621338,0.9103239178657532,0.16364702582359314,0,-0.33009982109069824,0.2988208830356598,-0.8953989744186401,0,0,12.043248176574707,0,1,-0.900489866733551,0.42511510848999023,0.09162385761737823,0,0.4122968912124634,0.7675631642341614,0.4907727539539337,0,0.1383078694343567,0.4797123074531555,-0.8664568066596985,0,0,3.913239002227783,0,1,0.8230618238449097,0.5198131799697876,-0.2288311868906021,0,-0.466223806142807,0.8484700322151184,0.2504679560661316,0,0.32435280084609985,-0.09946401417255402,0.9406920671463013,0,0,2.573965072631836,0,1,0.8889700174331665,-0.3584469258785248,0.285040020942688,0,0.18375107645988464,0.8492839336395264,0.4949270188808441,0,-0.4194850027561188,-0.3875989019870758,0.820853054523468,0,-0.2576259970664978,1.4440679550170898,-2.204097032546997,1,0.06159868836402893,-0.009209712035953999,0.9980589747428894,0,-0.897159218788147,-0.43871545791625977,0.05132300779223442,0,0.437391072511673,-0.898578941822052,-0.03528686240315437,0,-3.0558409690856934,6.24325704574585,-0.08191999793052673,1,0.4453558027744293,-0.8699821829795837,-0.21163369715213776,0,0.8466008305549622,0.33224010467529297,0.41579219698905945,0,-0.2914187014102936,-0.36434489488601685,0.8844931721687317,0,0,6.837014198303223,0,1,-0.0678783729672432,-0.9644088745117188,-0.25555506348609924,0,0.9652378559112549,-0.12828107178211212,0.22772634029388428,0,-0.2524040639400482,-0.23121359944343567,0.939591109752655,0,0,10.940739631652832,0,1,0.5992400646209717,0.35349762439727783,-0.7182971239089966,0,-0.6178882122039795,0.7747278213500977,-0.13420477509498596,0,0.5090437531471252,0.5242482423782349,0.6826699376106262,0,0,12.050021171569824,0,1,0.9993039965629578,0.03619608283042908,-0.009014768525958061,0,-0.03259991481900215,0.9649109840393066,0.2605471611022949,0,0.018129227682948112,-0.2600718140602112,0.9654189944267273,0,0,3.866805076599121,0,1,0.9929539561271667,0.11767216771841049,0.01395400334149599,0,-0.11086083203554153,0.8809171319007874,0.4601028561592102,0,0.04184899851679802,-0.4584081470966339,0.8877558708190918,0,0,2.8685810565948486,0,1,0.9954019784927368,0.01787104271352291,0.09410898387432098,0,0.021381042897701263,0.9162070155143738,-0.4001350700855255,0,-0.09337402880191803,0.40030694007873535,0.9116110801696777,0,-0.19635500013828278,1.4462870359420776,0.4272109866142273,1,-0.8422260284423828,0.014162090606987476,0.5389381051063538,0,0.19156132638454437,-0.9265608191490173,0.3237105906009674,0,0.5039436221122742,0.37587738037109375,0.7776610851287842,0,5.148238182067871,-2.8255040645599365,-0.2674959897994995,1,0.9869229793548584,-0.13407514989376068,-0.08948002755641937,0,-0.05120021849870682,0.2656213939189911,-0.9627165794372559,0,0.15284419059753418,0.9547086358070374,0.2552832067012787,0,0,20.59090232849121,0,1,0.9565640687942505,0.2911376357078552,-0.014955376274883747,0,-0.15783827006816864,0.5603610277175903,0.8130701184272766,0,0.24509575963020325,-0.7753932476043701,0.5819739103317261,0,0,17.32342529296875,0,1,0.9938610196113586,-0.06217505410313606,0.09151171892881393,0,-0.03939901292324066,0.5740196704864502,0.8178935050964355,0,-0.10338203608989716,-0.8164774179458618,0.5680457949638367,0,0,8.471383094787598,0,1,-0.9986060261726379,-0.05188482254743576,-0.00969718024134636,0,0.046262796968221664,-0.9488011002540588,0.31246885657310486,0,-0.025413069874048233,0.31158447265625,0.9498780965805054,0,-5.148238182067871,-2.8255040645599365,0.2669900059700012,1,0.9814739227294922,-0.17097222805023193,0.08647472411394119,0,0.1732967346906662,0.5996724963188171,-0.7812557816505432,0,0.08171653002500534,0.7817681431770325,0.6181919574737549,0,0,20.626569747924805,0,1,0.9997900128364563,-0.0017054794589057565,-0.020402999594807625,0,0.020389394834637642,0.1735190451145172,0.9846189618110657,0,0.0018610629485920072,-0.9848291277885437,0.17351754009723663,0,0,17.337238311767578,0,1,0.999879002571106,-0.003520977683365345,-0.015138385817408562,0,0.01275202352553606,0.7426807880401611,0.6695243120193481,0,0.008885613642632961,-0.6696367263793945,0.7426362633705139,0,0,8.49565315246582,0,1
K0.067,0.838191032409668,0.09189290553331375,0.5375788807868958,0,0.014064901508390903,0.9817330837249756,-0.18974587321281433,0,-0.5451950430870056,0.1666041910648346,0.8215869665145874,0,-0.15965333580970764,42.796573638916016,-0.7979588508605957,1,0.9948800206184387,0.03856183961033821,0.09341689199209213,0,-0.053403232246637344,0.9853460192680359,0.16199485957622528,0,-0.08580110967159271,-0.166154146194458,0.9823600053787231,0,0,5.091618061065674,-0.33338499069213867,1,0.9991019368171692,0.008123306557536125,0.041588135063648224,0,-0.00961472187191248,0.9993129968643188,0.035788122564554214,0,-0.041268862783908844,-0.03615585342049599,0.998494029045105,0,0,5.952936172485352,0,1,0.9990919828414917,0.008828763850033283,0.041674789041280746,0,-0.010314267128705978,0.99931401014328,0.03556571155786514,0,-0.04133221507072449,-0.035963274538517,0.9984980225563049,0,0,6.803362846374512,0,1,0.9665089249610901,-0.0384773388504982,-0.2537310719490051,0,0.10700166970491409,0.9590770602226257,0.26214897632598877,0,0.23326094448566437,-0.2805190682411194,0.9310740828514099,0,0,7.653775215148926,0,1,0.9809989333152771,0.124632827937603,-0.14868630468845367,0,-0.07550013065338135,0.9512019753456116,0.29918986558914185,0,0.178719624876976,-0.2822791635990143,0.9425380825996399,0,0,5.327849864959717,1.4227420091629028,1,0.15399911999702454,0.005469403229653835,-0.988055944442749,0,0.8812432289123535,-0.4530196785926819,0.13484348356723785,0,-0.44687166810035706,-0.8914841413497925,-0.07458452135324478,0,3.0558409690856934,6.244616985321045,-0.10270600020885468,1,0.5058503746986389,0.32276490330696106,0.7999618649482727,0,-0.6450651288032532,0.7572379112243652,0.10237565636634827,0,-0.5727182626724243,-0.567814290523529,0.5912535190582275,0,0,6.837014198303223,0,1,0.5084662437438965,0.8498128652572632,0.1388547122478485,0,-0.8508369326591492,0.4710402190685272,0.23280289769172668,0,0.1324327141046524,-0.2365150898694992,0.9625600576400757,0,0,10.956942558288574,0,1,-0.8605799674987793,0.29869791865348816,0.4125310182571411,0,0.3910108506679535,0.9064900875091553,0.1593320667743683,0,-0.3263629674911499,0.2984219491481781,-0.8969008922576904,0,0,12.043248176574707,0,1,-0.900489866733551,0.42511510848999023,0.09162385761737823,0,0.4122968912124634,0.7675631642341614,0.4907727539539337,0,0.1383078694343567,0.4797123074531555,-0.8664568066596985,0,0,3.913239002227783,0,1,0.8230618238449097,0.5198131799697876,-0.2288311868906021,0,-0.466223806142807,0.8484700322151184,0.2504679560661316,0,0.32435280084609985,-0.09946401417255402,0.9406920671463013,0,0,2.573965072631836,0,1,0.8889700174331665,-0.3584469258785248,0.285040020942688,0,0.18375107645988464,0.8492839336395264,0.4949270188808441,0,-0.4194850027561188,-0.3875989019870758,0.820853054523468,0,-0.2576259970664978,1.4440679550170898,-2.204097032546997,1,0.0596899688243866,-0.009220865555107594,0.9981739521026611,0,-0.898542046546936,-0.43606287240982056,0.04970378801226616,0,0.43480879068374634,-0.8998690247535706,-0.03431389480829239,0,-3.0558409690856934,6.24325704574585,-0.08191999793052673,1,0.4494808614253998,-0.867546021938324,-0.21291205286979675,0,0.843529999256134,0.333771288394928,0.42077770829200745,0,-0.29398003220558167,-0.36872920393943787,0.8818248510360718,0,0,6.837014198303223,0,1,-0.08006827533245087,-0.9627059698104858,-0.2584320604801178,0,0.9635341167449951,-0.14116095006465912,0.22732460498809814,0,-0.2553270757198334,-0.23080644011497498,0.9389018416404724,0,0,10.940739631652832,0,1,0.6000581383705139,0.35255488753318787,-0.7180780172348022,0,-0.6192620992660522,0.7729660272598267,-0.1379798948764801,0,0.5064039826393127,0.5274739861488342,0.6821479201316833,0,0,12.050021171569824,0,1,0.9993039965629578,0.03619608283042908,-0.009014768525958061,0,-0.03259991481900215,0.9649109840393066,0.2605471611022949,0,0.018129227682948112,-0.2600718140602112,0.9654189944267273,0,0,3.866805076599121,0,1,0.9929540157318115,0.11767268925905228,0.013954105786979198,0,-0.11086130142211914,0.8809168338775635,0.46010223031044006,0,0.04184909909963608,-0.45840775966644287,0.8877560496330261,0,0,2.8685810565948486,0,1,0.9954019784927368,0.01787085272371769,0.0941079631447792,0,0.021380852907896042,0.9162068367004395,-0.40013551712036133,0,-0.09337304532527924,0.4003075063228607,0.9116111993789673,0,-0.19635500013828278,1.4462870359420776,0.4272109866142273,1,-0.846082866191864,0.015002135187387466,0.5328401327133179,0,0.2162228673696518,-0.9040151834487915,0.3687872290611267,0,0.487228125333786,0.42723676562309265,0.7616279721260071,0,5.148238182067871,-2.8255040645599365,-0.2674959897994995,1,0.986397922039032,-0.1251564770936966,-0.10655908286571503,0,-0.050345394760370255,0.3870779275894165,-0.9206714034080505,0,0.1564747393131256,0.9135134816169739,0.3755119740962982,0,0,20.59090232849121,0,1,0.9691239595413208,0.24211235344409943,-0.04669974744319916,0,-0.09860365092754364,0.5541229248046875,0.8265748620033264,0,0.22600111365318298,-0.7964478135108948,0.5608863234519958,0,0,17.32342529296875,0,1,0.9953870177268982,-0.05392209067940712,0.0793600082397461,0,-0.026515131816267967,0.6403242349624634,0.7676465511322021,0,-0.09220921993255615,-0.7662093639373779,0.6359404921531677,0,0,8.471383094787598,0,1,-0.9990710020065308,-0.03473997861146927,-0.02551468275487423,0,0.026296371594071388,-0.9602778553962708,0.2778043746948242,0,-0.034152090549468994,0.27687522768974304,0.9602988958358765,0,-5.148238182067871,-2.8255040645599365,0.2669900059700012,1,0.9822909832000732,-0.16326545178890228,0.0919228047132492,0,0.1743786484003067,0.6171591281890869,-0.7672720551490784,0,0.06853797286748886,0.7697134017944336,0.6346995830535889,0,0,20.626569747924805,0,1,0.9998059868812561,0.0070272330194711685,-0.01841501146554947,0,0.017020344734191895,0.16335180401802063,0.9864209890365601,0,0.009939934127032757,-0.9865429401397705,0.1632004827260971,0,0,17.337238311767578,0,1,0.9998800754547119,-0.0035048986319452524,-0.015093965455889702,0,0.012700101360678673,0.7434530258178711,0.6686679720878601,0,0.008878035470843315,-0.6687790751457214,0.7434079647064209,0,0,8.49565315246582,0,1
K0.100,0.8367760181427002,0.08912932127714157,0.5402430295944214,0,0.015442329458892345,0.9824281334877014,-0.18599949777126312,0,-0.547327995300293,0.16398252546787262,0.8206959366798401,0,-0.23255804181098938,43.0799446105957,-1.0835320949554443,1,0.9949190020561218,0.03736800327897072,0.09348297119140625,0,-0.05204099416732788,0.9857739210128784,0.15981702506542206,0,-0.08618103712797165,-0.1638699620962143,0.9827100038528442,0,0,5.091618061065674,-0.33338499069213867,1,0.999098002910614,0.007263184990733862,0.04182886704802513,0,-0.008750815875828266,0.9993320107460022,0.03549199178814888,0,-0.041543129831552505,-0.03582600876688957,0.998494029045105,0,0,5.952936172485352,0,1,0.9990890026092529,0.007969836704432964,0.041923947632312775,0,-0.009451165795326233,0.9993340373039246,0.03525494039058685,0,-0.04161505028605461,-0.03561905398964882,0.9984989762306213,0,0,6.803362846374512,0,1,0.9661730527877808,-0.04022689163684845,-0.2547367215156555,0,0.10916110873222351,0.9587000608444214,0.26263582706451416,0,0.23365123569965363,-0.28155916929244995,0.9306618571281433,0,0,7.653775215148926,0,1,0.9807069897651672,0.12527786195278168,-0.1500641256570816,0,-0.07570312917232513,0.9511488080024719,0.2993074357509613,0,0.18022990226745605,-0.2821725606918335,0.9422821998596191,0,0,5.327849864959717,1.4227420091629028,1,0.15229344367980957,0.005473282188177109,-0.9883201122283936,0,0.8811256885528564,-0.4537167251110077,0.13326287269592285,0,-0.4476878345012665,-0.8911291360855103,-0.07392076402902603,0,3.0558409690856934,6.244616985321045,-0.10270600020885468,1,0.5182967185974121,0.3133589029312134,0.7957232594490051,0,-0.6316531300544739,0.7675250172615051,0.10917481780052185,0,-0.5765268206596375,-0.5592061877250671,0.5957400798797607,0,0,6.837014198303223,0,1,0.4738920032978058,0.8680029511451721,0.1483141928911209,0,-0.8690490126609802,0.4338330328464508,0.23778586089611053,0,0.1420552134513855,-0.24157708883285522,0.9599269032478333,0,0,10.956942558288574,0,1,-0.8526740670204163,0.32279378175735474,0.4107930064201355,0,0.41300925612449646,0.8980148434638977,0.15163032710552216,0,-0.31995299458503723,0.2989526689052582,-0.8990311026573181,0,0,12.043248176574707,0,1,-0.900489866733551,0.42511510848999023,0.09162385761737823,0,0.4122968912124634,0.7675631642341614,0.4907727539539337,0,0.1383078694343567,0.4797123074531555,-0.8664568066596985,0,0,3.913239002227783,0,1,0.8230620622634888,0.519813060760498,-0.22883060574531555,0,-0.4662238657474518,0.8484700918197632,0.2504677474498749,0,0.3243523836135864,-0.09946423023939133,0.9406929016113281,0,0,2.573965072631836,0,1,0.8889700174331665,-0.3584469258785248,0.285040020942688,0,0.18375107645988464,0.8492839336395264,0.4949270188808441,0,-0.4194850027561188,-0.3875989019870758,0.820853054523468,0,-0.2576259970664978,1.4440679550170898,-2.204097032546997,1,0.058335524052381516,-0.009206922724843025,0.9982549548149109,0,-0.9000211954116821,-0.4331275522708893,0.04860025271773338,0,0.43192431330680847,-0.9012858867645264,-0.03355316072702408,0,-3.0558409690856934,6.24325704574585,-0.08191999793052673,1,0.456938773393631,-0.8644002079963684,-0.2098074108362198,0,0.838790774345398,0.34023144841194153,0.4250558912754059,0,-0.29603540897369385,-0.37020912766456604,0.8805161714553833,0,0,6.837014198303223,0,1,-0.10138513147830963,-0.9593279361724854,-0.26346123218536377,0,0.9601532816886902,-0.16368359327316284,0.22652660310268402,0,-0.2604372799396515,-0.2299964874982834,0.9376958012580872,0,0,10.940739631652832,0,1,0.5966150164604187,0.3527943193912506,-0.7208237051963806,0,-0.6242337226867676,0.7684922814369202,-0.14054401218891144,0,0.5043641924858093,0.533812940120697,0.6787198781967163,0,0,12.050021171569824,0,1,0.9993039965629578,0.036195579916238785,-0.009014835581183434,0,-0.03259941190481186,0.9649109840393066,0.2605471611022949,0,0.01812916249036789,-0.26007184386253357,0.9654189944267273,0,0,3.866805076599121,0,1,0.9929539561271667,0.11767218261957169,0.0139539809897542,0,-0.11086080968379974,0.8809168934822083,0.46010223031044006,0,0.04184897616505623,-0.45840775966644287,0.8877561092376709,0,0,2.8685810565948486,0,1,0.9954019784927368,0.017871061339974403,0.0941089615225792,0,0.021381061524152756,0.9162068367004395,-0.40013551712036133,0,-0.09337404370307922,0.4003075361251831,0.9116112589836121,0,-0.19635500013828278,1.4462870359420776,0.4272109866142273,1,-0.8513250946998596,0.011878902092576027,0.5245040059089661,0,0.2309379130601883,-0.8891922235488892,0.39497482776641846,0,0.4710770547389984,0.45738017559051514,0.7542487978935242,0,5.148238182067871,-2.8255040645599365,-0.2674959897994995,1,0.9861500263214111,-0.10972408205270767,-0.1243763417005539,0,-0.047406092286109924,0.5321441292762756,-0.8453259468078613,0,0.1589386910200119,0.8395140171051025,0.5195721387863159,0,0,20.59090232849121,0,1,0.9803140163421631,0.18780100345611572,-0.060947712510824203,0,-0.054158929735422134,0.5526139140129089,0.8316750526428223,0,0.18987023830413818,-0.812002956867218,0.5519070029258728,0,0,17.32342529296875,0,1,0.9995430111885071,-0.011072805151343346,0.028113098815083504,0,-0.010505815036594868,0.7450151443481445,0.6669638752937317,0,-0.028329869732260704,-0.6669549942016602,0.7445589900016785,0,0,8.471383094787598,0,1,-0.9990541338920593,-0.018761489540338516,-0.03923988714814186,0,0.008627486415207386,-0.9697381854057312,0.2439967393875122,0,-0.04263012111186981,0.24342721700668335,0.9689818620681763,0,-5.148238182067871,-2.8255040645599365,0.2669900059700012,1,0.9829109907150269,-0.15665499866008759,0.09667432308197021,0,0.1751919835805893,0.6348132491111755,-0.7525417804718018,0,0.05651929974555969,0.756618320941925,0.6514096856117249,0,0,20.626569747924805,0,1,0.9997169971466064,0.01802501454949379,-0.015548964031040668,0,0.01255300734192133,0.15580464899539948,0.9877080321311951,0,0.020226038992404938,-0.9876229166984558,0.15553417801856995,0,0,17.337238311767578,0,1,0.999879002571106,-0.003536728210747242,-0.015181262977421284,0,0.01280226930975914,0.7419389486312866,0.6703450083732605,0,0.008892737329006195,-0.6704579591751099,0.7418941259384155,0,0,8.49565315246582,0,1
K0.133,0.8337939381599426,0.08439679443836212,0.5455861687660217,0,0.01856791228055954,0.9834000468254089,-0.18049874901771545,0,-0.5517630577087402,0.16062916815280914,0.8183859586715698,0,-0.2995545566082001,43.31649398803711,-1.2971755266189575,1,0.9950339794158936,0.038132939487695694,0.09193703532218933,0,-0.052362073212862015,0.9860960245132446,0.1577090471982956,0,-0.0846448615193367,-0.16173991560935974,0.9831960797309875,0,0,5.091618061065674,-0.33338499069213867,1,0.99909508228302,0.008595106191933155,0.04166707023978233,0,-0.01000194437801838,0.9993829727172852,0.03367384895682335,0,-0.041351910680532455,-0.03406010940670967,0.9985640645027161,0,0,5.952936172485352,0,1,0.9990879893302917,0.009340607561171055,0.041667088866233826,0,-0.01073844451457262,0.9993830323219299,0.03345102816820145,0,-0.04132888838648796,-0.03386792913079262,0.99857097864151,0,0,6.803362846374512,0,1,0.9658798575401306,-0.043693479150533676,-0.2552782893180847,0,0.11343655735254288,0.9574630260467529,0.2653229534626007,0,0.23282670974731445,-0.28522807359695435,0.9297509789466858,0,0,7.653775215148926,0,1,0.9807920455932617,0.12452259659767151,-0.1501360982656479,0,-0.07416238635778427,0.9499658942222595,0.3034203052520752,0,0.18040689826011658,-0.2864578366279602,0.9409540891647339,0,0,5.327849864959717,1.4227420091629028,1,0.15393845736980438,0.005257678683847189,-0.9880660176277161,0,0.8792102932929993,-0.4570416808128357,0.13454702496528625,0,-0.4508800208568573,-0.8894299864768982,-0.07497898489236832,0,3.0558409690856934,6.244616985321045,-0.10270600020885468,1,0.5380155444145203,0.29276931285858154,0.7904588580131531,0,-0.6082910895347595,0.7840249538421631,0.1236390769481659,0,-0.583541989326477,-0.5473490357398987,0.5999068021774292,0,0,6.837014198303223,0,1,0.42705947160720825,0.8897512555122375,0.16112889349460602,0,-0.8908241987228394,0.38343390822410583,0.2437436282634735,0,0.1550889015197754,-0.2476305067539215,0.9563608765602112,0,0,10.956942558288574,0,1,-0.8409857153892517,0.35367351770401,0.4094603359699249,0,0.441458135843277,0.886077880859375,0.14135107398033142,0,-0.31282171607017517,0.2996338903903961,-0.9013112187385559,0,0,12.043248176574707,0,1,-0.900489866733551,0.42511510848999023,0.09162385761737823,0,0.4122968912124634,0.7675631642341614,0.4907727539539337,0,0.1383078694343567,0.4797123074531555,-0.8664568066596985,0,0,3.913239002227783,0,1,0.8230620622634888,0.519813060760498,-0.22883060574531555,0,-0.4662238657474518,0.8484700918197632,0.2504677474498749,0,0.3243523836135864,-0.09946423023939133,0.9406929016113281,0,0,2.573965072631836,0,1,0.8889700174331665,-0.3584469258785248,0.285040020942688,0,0.18375107645988464,0.8492839336395264,0.4949270188808441,0,-0.4194850027561188,-0.3875989019870758,0.820853054523468,0,-0.2576259970664978,1.4440679550170898,-2.204097032546997,1,0.058086179196834564,-0.00918023195117712,0.9982690215110779,0,-0.901030957698822,-0.43103811144828796,0.048464320600032806,0,0.42984727025032043,-0.9022868871688843,-0.03330906108021736,0,-3.0558409690856934,6.24325704574585,-0.08191999793052673,1,0.4683368504047394,-0.8603350520133972,-0.2012050896883011,0,0.831660807132721,0.35235926508903503,0.4291660785675049,0,-0.2983301877975464,-0.3683287799358368,0.8805299401283264,0,0,6.837014198303223,0,1,-0.1287023425102234,-0.9542468786239624,-0.2699061632156372,0,0.9550681114196777,-0.19254611432552338,0.2253265231847763,0,-0.2669861912727356,-0.22877846658229828,0.936150848865509,0,0,10.940739631652832,0,1,0.5880738496780396,0.35634979605674744,-0.72607421875,0,-0.6336663961410522,0.7608687877655029,-0.1398027390241623,0,0.5026285648345947,0.5423032641410828,0.6732540726661682,0,0,12.050021171569824,0,1,0.9993039965629578,0.03619609773159027,-0.009014763869345188,0,-0.03259989619255066,0.9649099707603455,0.26054704189300537,0,0.01812923327088356,-0.26007193326950073,0.9654189944267273,0,0,3.866805076599121,0,1,0.9929539561271667,0.11767216771841049,0.01395400334149599,0,-0.11086083203554153,0.8809171319007874,0.4601028561592102,0,0.04184899851679802,-0.4584081470966339,0.8877558708190918,0,0,2.8685810565948486,0,1,0.9954019784927368,0.01787085272371769,0.0941079631447792,0,0.021380852907896042,0.9162068367004395,-0.40013551712036133,0,-0.09337304532527924,0.4003075063228607,0.9116111993789673,0,-0.19635500013828278,1.4462870359420776,0.4272109866142273,1,-0.8567011952400208,0.0043817125260829926,0.5157948732376099,0,0.23751387000083923,-0.8842952251434326,0.40200695395469666,0,0.45787596702575684,0.466907799243927,0.7565351724624634,0,5.148238182067871,-2.8255040645599365,-0.2674959897994995,1,0.9857929944992065,-0.09015246480703354,-0.14172127842903137,0,-0.04484567046165466,0.6718544960021973,-0.7393236756324768,0,0.1618679314851761,0.7351757287979126,0.6582664847373962,0,0,20.59090232849121,0,1,0.9893131256103516,0.13637864589691162,-0.05158834159374237,0,-0.03141288459300995,0.5448468923568726,0.8379470705986023,0,0.14238576591014862,-0.8273711204528809,0.5433079600334167,0,0,17.32342529296875,0,1,0.999932050704956,0.002843172987923026,0.011347810737788677,0,-0.009402790106832981,0.7724482417106628,0.6350076794624329,0,-0.006960160564631224,-0.635071337223053,0.7724226117134094,0,0,8.471383094787598,0,1,-0.998784065246582,-0.004004744812846184,-0.049145426601171494,0,-0.006457072217017412,-0.9774901270866394,0.21088065207004547,0,-0.04888371378183365,0.21094165742397308,0.9762760996818542,0,-5.148238182067871,-2.8255040645599365,0.2669900059700012,1,0.9833639860153198,-0.1502867192029953,0.10202130675315857,0,0.17607320845127106,0.6506249904632568,-0.7387059926986694,0,0.04464006796479225,0.7443797588348389,0.6662622690200806,0,0,20.626569747924805,0,1,0.999563992023468,0.026434525847434998,-0.013126656413078308,0,0.009078435599803925,0.1478155553340912,0.9889730215072632,0,0.028083384037017822,-0.9886618852615356,0.14751125872135162,0,0,17.337238311767578,0,1,0.999875009059906,-0.003607950173318386,-0.015375248156487942,0,0.013030054047703743,0.7385700345039368,0.6740509867668152,0,0.008923756889998913,-0.6741671562194824,0.7385247945785522,0,0,8.49565315246582,0,1
