1.333,30,40,41
B0,mixamorig_Hips,-1,0.8427649736404419,0.06932699680328369,0.5337989926338196,0,0.03243599832057953,0.9833289980888367,-0.17892099916934967,0,-0.5373039841651917,0.16810299456119537,0.8264660239219666,0,-0.005171999800950289,0.9075509905815125,0.005259000230580568,1
B1,mixamorig_Spine,0,0.9927819967269897,0.06789799779653549,0.09885899722576141,0,-0.08881600201129913,0.9701629877090454,0.225599005818367,0,-0.08059100061655045,-0.2327509969472885,0.9691910147666931,0,0,0.10523500293493271,-0.00008199999865610152,1
B2,mixamorig_Spine1,1,0.9990599751472473,0.012955999933183193,0.04135800153017044,0,-0.014391999691724777,0.999297022819519,0.03461100161075592,0,-0.04088100045919418,-0.03517400100827217,0.9985449910163879,0,0,0.12277500331401825,0,1
B3,mixamorig_Spine2,2,0.9990530014038086,0.013670999556779861,0.04129600152373314,0,-0.015096000395715237,0.9992939829826355,0.03439300134778023,0,-0.040796998888254166,-0.03498400002717972,0.9985550045967102,0,0,0.1403139978647232,0,1
B4,mixamorig_Neck,3,0.9666460156440735,-0.05677799880504608,-0.2497429996728897,0,0.1092739999294281,0.9733390212059021,0.20166799426078796,0,0.23163500428199768,-0.22223199903964996,0.9470790028572083,0,0,0.15785300731658936,0,1
B5,mixamorig_Head,4,0.9821739792823792,0.12083400040864944,-0.14399300515651703,0,-0.07241199910640717,0.9501129984855652,0.3033849895000458,0,0.17346900701522827,-0.2875500023365021,0.9419260025024414,0,0,0.10246600210666656,0.00005500000042957254,1
B6,mixamorig_HeadTop_End,5,1,0,0,0,0,1,0,0,0,0,1,0,0,0.21866999566555023,0.00011700000322889537,1
B7,mixamorig_LeftShoulder,3,0.2161879986524582,-0.003990999888628721,-0.9763439893722534,0,0.6193299889564514,-0.7724949717521667,0.14029400050640106,0,-0.7547799944877625,-0.6350089907646179,-0.16453200578689575,0,0.06731700152158737,0.13328400254249573,0.0011690000537782907,1
B8,mixamorig_LeftArm,7,-0.4186449944972992,-0.6122720241546631,-0.6707159876823425,0,-0.633853018283844,0.7259020209312439,-0.2670130133628845,0,0.6503589749336243,0.31335198879241943,-0.6919860243797302,0,0,0.15568800270557404,0,1
B9,mixamorig_LeftForeArm,8,0.26024800539016724,-0.7573490142822266,-0.5989099740982056,0,0.829239010810852,0.49305999279022217,-0.2631619870662689,0,0.4946039915084839,-0.4281519949436188,0.7563409805297852,0,0,0.16660399734973907,0,1
B10,mixamorig_LeftHand,9,-0.7415900230407715,0.1542849987745285,0.6528699994087219,0,-0.1471710056066513,0.9120709896087646,-0.3827100098133087,0,-0.6545109748840332,-0.37989699840545654,-0.6536769866943359,0,0,0.28111401200294495,0,1
B11,mixamorig_LeftHandThumb1,10,0.7542679905891418,-0.6499699950218201,0.09283900260925293,0,0.6547009944915771,0.7339119911193848,-0.18094399571418762,0,0.04947299882769585,0.1972620040178299,0.9791020154953003,0,-0.020045999437570572,0.047380998730659485,0,1
B12,mixamorig_LeftHandThumb2,11,0.9150400161743164,0.21804900467395782,-0.3393479883670807,0,-0.25098299980163574,0.9663810133934021,-0.055817000567913055,0,0.3157680034637451,0.136244997382164,0.9390040040016174,0,-0.004360000137239695,0.040925998240709305,0,1
B13,mixamorig_LeftHandThumb3,12,0.999800980091095,-0.01169500034302473,-0.016164999455213547,0,0.01347499992698431,0.9932910203933716,0.1148499995470047,0,0.014713999815285206,-0.11504500359296799,0.9932510256767273,0,0.0010100000072270632,0.02512899972498417,0,1
B14,mixamorig_LeftHandThumb4,13,1,0,0,0,0,1,0,0,0,0,1,0,0.0033499998971819878,0.018556000664830208,0,1
B15,mixamorig_LeftHandIndex1,10,0.9584069848060608,-0.2421880066394806,0.15100200474262238,0,0.28442999720573425,0.7667829990386963,-0.5754510164260864,0,0.02358200028538704,0.5944650173187256,0.8037750124931335,0,0,0.07714200019836426,0.0002579999854788184,1
B16,mixamorig_LeftHandIndex2,15,0.9487789869308472,-0.2715680003166199,0.1614609956741333,0,0.281699001789093,0.49573999643325806,-0.8215150237083435,0,0.1430550068616867,0.8249199986457825,0.5468479990959167,0,-0.00039500001003034413,0.031268998980522156,0,1
B17,mixamorig_LeftHandIndex3,16,0.9949849843978882,-0.09888499975204468,0.015030000358819962,0,0.09689699858427048,0.9157040119171143,-0.3899959921836853,0,0.02480199933052063,0.3894970118999481,0.9206939935684204,0,-0.00022499999613501132,0.019347000867128372,0,1
B18,mixamorig_LeftHandIndex4,17,1,0,0,0,0,1,0,0,0,0,1,0,0.0006200000061653554,0.023427000269293785,0,1
B19,mixamorig_RightShoulder,3,0.0772320032119751,-0.01732099987566471,0.9968630075454712,0,-0.6471030116081238,-0.7615090012550354,0.03690199926495552,0,0.7584810256958008,-0.6479229927062988,-0.07002200186252594,0,-0.06731700152158737,0.1332859992980957,-0.0012080000014975667,1
B20,mixamorig_RightArm,19,-0.4266130030155182,0.9025459885597229,-0.058416999876499176,0,0.8824489712715149,0.42952901124954224,0.1918029934167862,0,0.19820299744606018,0.030275000259280205,-0.9796929955482483,0,0,0.15568800270557404,0,1
B21,mixamorig_RightForeArm,20,-0.25376400351524353,0.8606650233268738,0.4414289891719818,0,-0.9450060129165649,-0.12325700372457504,-0.30293700098991394,0,-0.20631800591945648,-0.4940280020236969,0.8446120023727417,0,0,0.16714300215244293,0,1
B22,mixamorig_RightHand,21,0.46233901381492615,-0.5993710160255432,-0.6534500122070312,0,0.5380420088768005,0.7754030227661133,-0.3305470049381256,0,0.7048069834709167,-0.19875800609588623,0.6809859871864319,0,0,0.2851470112800598,0,1
B23,mixamorig_RightHandThumb1,22,0.7829920053482056,0.5977110266685486,-0.17223399877548218,0,-0.6032230257987976,0.6620540022850037,-0.4447540044784546,0,-0.15180599689483643,0.45213401317596436,0.8789370059967041,0,0.02057100087404251,0.04828900098800659,0,1
B24,mixamorig_RightHandThumb2,23,0.8084380030632019,-0.4735049903392792,0.34960201382637024,0,0.48228299617767334,0.8733969926834106,0.06768099963665009,0,-0.3373880088329315,0.11389099806547165,0.9344509840011597,0,0.00367900007404387,0.04182799905538559,0,1
B25,mixamorig_RightHandThumb3,24,0.2170879989862442,-0.9755290150642395,-0.03486499935388565,0,0.9710959792137146,0.2121960073709488,0.10929200053215027,0,-0.09921900182962418,-0.057583998888731,0.9933980107307434,0,0.0015689999563619494,0.0257789995521307,0,1
B26,mixamorig_RightHandThumb4,25,1,0,0,0,0,1,0,0,0,0,1,0,-0.005247999913990498,0.01868399977684021,0,1
B27,mixamorig_RightHandIndex1,22,0.9855120182037354,0.14947299659252167,-0.08014699816703796,0,-0.16378800570964813,0.9614459872245789,-0.22089600563049316,0,0.04403899982571602,0.23082199692726135,0.9719989895820618,0,0,0.0856660008430481,0.00028300000121816993,1
B28,mixamorig_RightHandIndex2,27,0.988008975982666,0.14731499552726746,-0.046215999871492386,0,-0.1379839926958084,0.7082080245018005,-0.6923890113830566,0,-0.06926800310611725,0.6904640197753906,0.7200430035591125,0,0.0009330000029876828,0.02841700054705143,0,1
B29,mixamorig_RightHandIndex3,28,0.9796109795570374,0.19495199620723724,-0.04854099825024605,0,-0.19432100653648376,0.8580949902534485,-0.4753020107746124,0,-0.05100899934768677,0.47504299879074097,0.87848299741745,0,-0.0010130000300705433,0.020188000053167343,0,1
B30,mixamorig_RightHandIndex4,29,1,0,0,0,0,1,0,0,0,0,1,0,0.00007999999797903001,0.02274099923670292,0,1
B31,mixamorig_LeftUpLeg,0,-0.8363850116729736,-0.02492400072515011,0.5475760102272034,0,0.20358799397945404,-0.9416319727897644,0.26810601353645325,0,0.5089330077171326,0.3357189893722534,0.7926409840583801,0,0.09607099741697311,-0.0574829988181591,-0.015581999905407429,1
B32,mixamorig_LeftLeg,31,0.9811139702796936,-0.18236899375915527,-0.06447800248861313,0,-0.028934000059962273,0.1912270039319992,-0.9811189770698547,0,0.19125600159168243,0.9644550085067749,0.18233899772167206,0,0,0.43394801020622253,0,1
B33,mixamorig_LeftFoot,32,0.773576021194458,0.39595600962638855,0.4947719871997833,0,-0.6335999965667725,0.4691700041294098,0.6151670217514038,0,0.011446000076830387,-0.7893660068511963,0.6138160228729248,0,0,0.39697301387786865,0,1
B34,mixamorig_LeftToeBase,33,0.9781669974327087,-0.06459499895572662,0.19752700626850128,0,-0.09615900367498398,0.7019270062446594,0.7057279944419861,0,-0.18423600494861603,-0.7093139886856079,0.6803900003433228,0,0,0.1716659963130951,0,1
B35,mixamorig_LeftToe_End,34,1,0,0,0,0,1,0,0,0,0,1,0,0,0.06791199743747711,0,1
B36,mixamorig_RightUpLeg,0,-0.997527003288269,-0.07019100338220596,0.003602999961003661,0,0.06693699955940247,-0.9331380128860474,0.3532330095767975,0,-0.021431999281048775,0.35260099172592163,0.9355279803276062,0,-0.09607099741697311,-0.0574829988181591,-0.006434000097215176,1
B37,mixamorig_RightLeg,36,0.9887030124664307,-0.13910700380802155,0.055824000388383865,0,0.13052399456501007,0.6159229874610901,-0.7769179940223694,0,0.0736910030245781,0.775426983833313,0.6271219849586487,0,0,0.43394899368286133,0,1
B38,mixamorig_RightFoot,37,0.8967390060424805,0.07404500246047974,-0.4363209903240204,0,0.4096119999885559,0.23441700637340546,0.8816270232200623,0,0.16756099462509155,-0.9693120121955872,0.1798810064792633,0,0,0.3969770073890686,0,1
B39,mixamorig_RightToeBase,38,0.9729899764060974,0.06478500366210938,-0.22157199680805206,0,0.1070370003581047,0.7237949967384338,0.6816620230674744,0,0.20453399419784546,-0.6869670152664185,0.6973109841346741,0,0,0.1835460066795349,0,1
B40,mixamorig_RightToe_End,39,1,0,0,0,0,1,0,0,0,0,1,0,0,0.07267499715089798,0,1
@34,0,1,2,3,4,5,7,8,9,10,11,12,13,15,16,17,19,20,21,22,23,24,25,27,28,29,31,32,33,34,36,37,38,39
K0,0.8427649140357971,0.06932740658521652,0.5337990522384644,0,0.03243640437722206,0.9833289384841919,-0.17892110347747803,0,-0.5373039245605469,0.16810287535190582,0.8264660835266113,0,-0.005171999800950289,0.9075509905815125,0.005259000230580568,1,0.9927819967269897,0.06789818406105042,0.09885869175195694,0,-0.08881580084562302,0.9701629877090454,0.2255990356206894,0,-0.08059129863977432,-0.23275093734264374,0.9691910147666931,0,0,0.10523500293493271,-0.00008199999865610152,1,0.9990599751472473,0.012956061400473118,0.041358232498168945,0,-0.014391938224434853,0.999297022819519,0.034611139446496964,0,-0.04088077321648598,-0.03517385944724083,0.9985449910163879,0,0,0.12277500331401825,0,1,0.9990530014038086,0.0136710274964571,0.04129615053534508,0,-0.015095973387360573,0.9992939829826355,0.0343930684030056,0,-0.040796853601932526,-0.034983936697244644,0.998555064201355,0,0,0.1403139978647232,0,1,0.9666459560394287,-0.05677790567278862,-0.2497432827949524,0,0.10927408933639526,0.9733390212059021,0.201667919754982,0,0.231634721159935,-0.22223205864429474,0.947079062461853,0,0,0.15785300731658936,0,1,0.9821739196777344,0.12083427608013153,-0.1439930498600006,0,-0.07241170853376389,0.95011305809021,0.3033849895000458,0,0.17346897721290588,-0.28755003213882446,0.9419260025024414,0,0,0.10246600210666656,0.00005500000042957254,1,0.21618817746639252,-0.003991410136222839,-0.9763439297676086,0,0.6193303465843201,-0.7724946737289429,0.14029404520988464,0,-0.7547799944877625,-0.6350089311599731,-0.1645321249961853,0,0.06731700152158737,0.13328400254249573,0.0011690000537782907,1,-0.4186451733112335,-0.6122719645500183,-0.6707161068916321,0,-0.6338530778884888,0.7259019613265991,-0.26701295375823975,0,0.6503589749336243,0.31335192918777466,-0.6919861435890198,0,0,0.15568800270557404,0,1,0.2602481544017792,-0.7573488354682922,-0.5989100337028503,0,0.829239010810852,0.4930598735809326,-0.2631620466709137,0,0.49460384249687195,-0.42815205454826355,0.7563410401344299,0,0,0.16660399734973907,0,1,-0.7415900230407715,0.15428511798381805,0.6528700590133667,0,-0.14717112481594086,0.912071168422699,-0.3827095627784729,0,-0.6545108556747437,-0.37989744544029236,-0.6536769866943359,0,0,0.28111401200294495,0,1,0.7542678713798523,-0.6499701738357544,0.09283876419067383,0,0.654700756072998,0.7339122295379639,-0.18094412982463837,0,0.04947277158498764,0.19726189970970154,0.9791020750999451,0,-0.020045999437570572,0.047380998730659485,0,1,0.915040135383606,0.21804890036582947,-0.3393476903438568,0,-0.2509831190109253,0.9663810133934021,-0.055816832929849625,0,0.315768301486969,0.13624516129493713,0.9390039443969727,0,-0.004360000137239695,0.040925998240709305,0,1,0.9998009204864502,-0.011694596149027348,-0.016165288165211678,0,0.013475403189659119,0.9932910203933716,0.1148500144481659,0,0.01471371203660965,-0.1150449886918068,0.9932510256767273,0,0.0010100000072270632,0.02512899972498417,0,1,0.9584069848060608,-0.2421879917383194,0.1510017216205597,0,0.28443002700805664,0.7667829990386963,-0.5754509568214417,0,0.023581726476550102,0.5944650769233704,0.8037750124931335,0,0,0.07714200019836426,0.0002579999854788184,1,0.9487789869308472,-0.27156829833984375,0.16146090626716614,0,0.28169870376586914,0.4957399368286133,-0.8215151429176331,0,0.14305490255355835,0.8249198198318481,0.5468482375144958,0,-0.00039500001003034413,0.031268998980522156,0,1,0.9949849843978882,-0.09888503700494766,0.015029879286885262,0,0.0968969538807869,0.9157039523124695,-0.38999611139297485,0,0.02480187825858593,0.38949692249298096,0.9206940531730652,0,-0.00022499999613501132,0.019347000867128372,0,1,0.07723209261894226,-0.01732151210308075,0.996863067150116,0,-0.6471025943756104,-0.7615094184875488,0.03690238669514656,0,0.7584813237190247,-0.647922694683075,-0.07002183049917221,0,-0.06731700152158737,0.1332859992980957,-0.0012080000014975667,1,-0.42661330103874207,0.9025457501411438,-0.05841737240552902,0,0.8824491500854492,0.4295286536216736,0.1918027400970459,0,0.19820261001586914,0.030275244265794754,-0.9796929955482483,0,0,0.15568800270557404,0,1,-0.2537638247013092,0.860664963722229,0.44142916798591614,0,-0.9450060129165649,-0.12325725704431534,-0.302936851978302,0,-0.20631785690784454,-0.4940278232097626,0.844612181186676,0,0,0.16714300215244293,0,1,0.46233925223350525,-0.5993709564208984,-0.6534498333930969,0,0.5380419492721558,0.7754029631614685,-0.33054736256599426,0,0.7048071622848511,-0.1987583488225937,0.680985689163208,0,0,0.2851470112800598,0,1,0.7829920053482056,0.5977110266685486,-0.17223401367664337,0,-0.6032230257987976,0.6620542407035828,-0.44475364685058594,0,-0.15180601179599762,0.452134370803833,0.8789368271827698,0,0.02057100087404251,0.04828900098800659,0,1,0.808438241481781,-0.47350481152534485,0.349601686000824,0,0.48228320479393005,0.8733968734741211,0.06768105924129486,0,-0.3373883366584778,0.11389106512069702,0.9344508647918701,0,0.00367900007404387,0.04182799905538559,0,1,0.21708828210830688,-0.9755289554595947,-0.03486545383930206,0,0.9710960388183594,0.21219569444656372,0.10929220169782639,0,-0.09921944886445999,-0.05758379027247429,0.9933979511260986,0,0.0015689999563619494,0.0257789995521307,0,1,0.9855119585990906,0.14947333931922913,-0.08014698326587677,0,-0.16378764808177948,0.9614461660385132,-0.22089560329914093,0,0.04403901472687721,0.23082241415977478,0.9719988703727722,0,0,0.0856660008430481,0.00028300000121816993,1,0.988008975982666,0.14731499552726746,-0.0462164543569088,0,-0.1379839926958084,0.708207905292511,-0.6923891305923462,0,-0.06926845014095306,0.6904639005661011,0.7200430631637573,0,0.0009330000029876828,0.02841700054705143,0,1,0.9796110391616821,0.1949521005153656,-0.048540614545345306,0,-0.1943209022283554,0.8580951690673828,-0.47530168294906616,0,-0.051008615642786026,0.47504332661628723,0.8784829378128052,0,-0.0010130000300705433,0.020188000053167343,0,1,-0.8363848924636841,-0.02492421865463257,0.5475761294364929,0,0.20358777046203613,-0.9416321516036987,0.268105685710907,0,0.508932888507843,0.3357192873954773,0.7926409244537354,0,0.09607099741697311,-0.0574829988181591,-0.015581999905407429,1,0.9811139702796936,-0.18236874043941498,-0.0644785612821579,0,-0.02893373742699623,0.1912270486354828,-0.9811190366744995,0,0.19125548005104065,0.9644551873207092,0.1823389083147049,0,0,0.43394801020622253,0,1,0.7735759615898132,0.3959555923938751,0.49477237462997437,0,-0.6336002945899963,0.46916982531547546,0.6151668429374695,0,0.011446449905633926,-0.7893660068511963,0.61381596326828,0,0,0.39697301387786865,0,1,0.978166937828064,-0.06459491699934006,0.19752703607082367,0,-0.09615892171859741,0.7019268274307251,0.7057281136512756,0,-0.18423596024513245,-0.7093138694763184,0.6803901791572571,0,0,0.1716659963130951,0,1,-0.9975270628929138,-0.07019147276878357,0.00360292661935091,0,0.06693653762340546,-0.9331380724906921,0.35323330760002136,0,-0.021431926637887955,0.35260069370269775,0.9355280995368958,0,-0.09607099741697311,-0.0574829988181591,-0.006434000097215176,1,0.9887030720710754,-0.13910669088363647,0.05582409352064133,0,0.13052429258823395,0.6159231662750244,-0.7769178152084351,0,0.07369109988212585,0.7754272222518921,0.6271217465400696,0,0,0.43394899368286133,0,1,0.8967390060424805,0.07404491305351257,-0.436320960521698,0,0.40961191058158875,0.2344168722629547,0.881627082824707,0,0.16756105422973633,-0.9693120121955872,0.17988114058971405,0,0,0.3969770073890686,0,1,0.9729900360107422,0.06478507071733475,-0.22157183289527893,0,0.10703707486391068,0.7237949967384338,0.6816620826721191,0,0.2045341432094574,-0.6869669556617737,0.6973110437393188,0,0,0.1835460066795349,0,1
K0.033,0.840567946434021,0.07129515707492828,0.5369930267333984,0,0.03189215809106827,0.9830690026283264,-0.18044105172157288,0,-0.5407660007476807,0.16879892349243164,0.8240629434585571,0,-0.006700016558170319,0.9147310853004456,-0.001470064977183938,1,0.9933500289916992,0.06275777518749237,0.09652937948703766,0,-0.08334813266992569,0.9703599810600281,0.22683490812778473,0,-0.07943261414766312,-0.23337207734584808,0.9691380858421326,0,0,0.10523500293493271,-0.00008199999865610152,1,0.9990900158882141,0.012341630645096302,0.040826935321092606,0,-0.013777338899672031,0.9992899894714355,0.035073235630989075,0,-0.0403650626540184,-0.035603780299425125,0.9985499978065491,0,0,0.12277500331401825,0,1,0.999082088470459,0.01306416466832161,0.040804795920848846,0,-0.014490804634988308,0.999286949634552,0.03486486151814461,0,-0.040320221334695816,-0.03542415425181389,0.9985589981079102,0,0,0.1403139978647232,0,1,0.9667040705680847,-0.05521214380860329,-0.24986881017684937,0,0.10753383487462997,0.9736961126327515,0.20087957382202148,0,0.23220521211624146,-0.2210603803396225,0.947212815284729,0,0,0.15785300731658936,0,1,0.9815899133682251,0.12273891270160675,-0.14633919298648834,0,-0.0738971084356308,0.9505680203437805,0.3015940189361572,0,0.17612285912036896,-0.2852279245853424,0.9421390891075134,0,0,0.10246600210666656,0.00005500000042957254,1,0.20750491321086884,-0.0032175020314753056,-0.9782290458679199,0,0.6251165866851807,-0.7687453031539917,0.1351301223039627,0,-0.7524430751800537,-0.6395468711853027,-0.15750698745250702,0,0.06731700152158737,0.13328400254249573,0.0011690000537782907,1,-0.4223620295524597,-0.6132206916809082,-0.6675110459327698,0,-0.638512134552002,0.7239749431610107,-0.26107892394065857,0,0.643359899520874,0.3159438967704773,-0.6973279714584351,0,0,0.15568800270557404,0,1,0.2569757401943207,-0.759284257888794,-0.5978717803955078,0,0.8313581347465515,0.48911601305007935,-0.26383453607559204,0,0.49275410175323486,-0.42924654483795166,0.7569282054901123,0,0,0.16660399734973907,0,1,-0.7427922487258911,0.15086369216442108,0.6523039937019348,0,-0.1503438502550125,0.9118169546127319,-0.38208308815956116,0,-0.6524240970611572,-0.3818780779838562,-0.6546089053153992,0,0,0.28111401200294495,0,1,0.7542681097984314,-0.6499699354171753,0.09283874928951263,0,0.6547000408172607,0.7339119911193848,-0.1809440702199936,0,0.04947275295853615,0.19726194441318512,0.9791020750999451,0,-0.020045999437570572,0.047380998730659485,0,1,0.9150400757789612,0.21804837882518768,-0.33934763073921204,0,-0.2509826421737671,0.9663811326026917,-0.05581691861152649,0,0.31576842069625854,0.13624508678913116,0.9390038847923279,0,-0.004360000137239695,0.040925998240709305,0,1,0.9998009204864502,-0.011694596149027348,-0.016165288165211678,0,0.013475403189659119,0.9932910203933716,0.1148500144481659,0,0.01471371203660965,-0.1150449886918068,0.9932510256767273,0,0.0010100000072270632,0.02512899972498417,0,1,0.9584069848060608,-0.24218808114528656,0.15100164711475372,0,0.2844299077987671,0.7667829990386963,-0.57545006275177,0,0.023581648245453835,0.5944650173187256,0.8037760853767395,0,0,0.07714200019836426,0.0002579999854788184,1,0.9487789869308472,-0.27156832814216614,0.1614607870578766,0,0.28169867396354675,0.4957401752471924,-0.8215150237083435,0,0.1430547833442688,0.8249189853668213,0.5468479990959167,0,-0.00039500001003034413,0.031268998980522156,0,1,0.9949849843978882,-0.09888503700494766,0.015029879286885262,0,0.0968969538807869,0.9157039523124695,-0.38999611139297485,0,0.02480187825858593,0.38949692249298096,0.9206940531730652,0,-0.00022499999613501132,0.019347000867128372,0,1,0.07514970004558563,-0.01736750453710556,0.997020959854126,0,-0.6485825777053833,-0.7603092193603516,0.03564226254820824,0,0.7574251294136047,-0.6493287682533264,-0.06840118020772934,0,-0.06731700152158737,0.1332859992980957,-0.0012080000014975667,1,-0.429311066865921,0.901482105255127,-0.05498086288571358,0,0.8803560137748718,0.4312889277935028,0.19739221036434174,0,0.20165812969207764,0.0363399013876915,-0.978782057762146,0,0,0.15568800270557404,0,1,-0.2579129934310913,0.8601121306419373,0.44009897112846375,0,-0.9444001913070679,-0.1282813996076584,-0.302742600440979,0,-0.20393604040145874,-0.49371063709259033,0.8453751802444458,0,0,0.16714300215244293,0,1,0.46447500586509705,-0.5993609428405762,-0.6519429683685303,0,0.5390490889549255,0.7754278779029846,-0.3288422226905823,0,0.7026300430297852,-0.198690265417099,0.6832518577575684,0,0,0.2851470112800598,0,1,0.7829919457435608,0.5977110862731934,-0.17223422229290009,0,-0.6032230257987976,0.6620538234710693,-0.4447542428970337,0,-0.15180622041225433,0.45213475823402405,0.8789360523223877,0,0.02057100087404251,0.04828900098800659,0,1,0.808438241481781,-0.47350481152534485,0.349601686000824,0,0.48228320479393005,0.8733968734741211,0.06768105924129486,0,-0.3373883366584778,0.11389106512069702,0.9344508647918701,0,0.00367900007404387,0.04182799905538559,0,1,0.21708783507347107,-0.9755290746688843,-0.034865494817495346,0,0.9710959196090698,0.21219520270824432,0.10929220169782639,0,-0.09921949356794357,-0.05758379399776459,0.9933979511260986,0,0.0015689999563619494,0.0257789995521307,0,1,0.9855120182037354,0.14947284758090973,-0.08014696091413498,0,-0.16378715634346008,0.9614459276199341,-0.22089605033397675,0,0.0440390445291996,0.23082295060157776,0.9719989895820618,0,0,0.0856660008430481,0.00028300000121816993,1,0.988008975982666,0.14731499552726746,-0.0462164543569088,0,-0.1379839926958084,0.708207905292511,-0.6923891305923462,0,-0.06926845014095306,0.6904639005661011,0.7200430631637573,0,0.0009330000029876828,0.02841700054705143,0,1,0.9796109795570374,0.19495198130607605,-0.048541173338890076,0,-0.19432103633880615,0.8580949306488037,-0.4753020703792572,0,-0.05100817233324051,0.47504398226737976,0.87848299741745,0,-0.0010130000300705433,0.020188000053167343,0,1,-0.8379108905792236,-0.023528972640633583,0.5453000664710999,0,0.2414981871843338,-0.9119367599487305,0.33173853158950806,0,0.48947370052337646,0.4096563160419464,0.7698039412498474,0,0.09607099741697311,-0.0574829988181591,-0.015581999905407429,1,0.981128990650177,-0.17771294713020325,-0.07618715614080429,0,-0.026822971180081367,0.2651216387748718,-0.9638415575027466,0,0.19148606061935425,0.94769686460495,0.25535184144973755,0,0,0.43394801020622253,0,1,0.8186342716217041,0.34634238481521606,0.4581308662891388,0,-0.574115514755249,0.47251829504966736,0.6686681509017944,0,0.015112942084670067,-0.8104152679443359,0.5856606960296631,0,0,0.39697301387786865,0,1,0.9786619544029236,-0.06272760778665543,0.19566619396209717,0,-0.0953546017408371,0.7048647999763489,0.7029032707214355,0,-0.1820097416639328,-0.7065626978874207,0.6838433742523193,0,0,0.1716659963130951,0,1,-0.9985321164131165,-0.052598897367715836,-0.012963450513780117,0,0.04579370468854904,-0.9474062323570251,0.3167394697666168,0,-0.028941797092556953,0.3156808316707611,0.9484241008758545,0,-0.09607099741697311,-0.0574829988181591,-0.006434000097215176,1,0.9895410537719727,-0.12998893857002258,0.06254518032073975,0,0.1313299536705017,0.6324333548545837,-0.7634005546569824,0,0.059677962213754654,0.7636299133300781,0.6428899765014648,0,0,0.43394899368286133,0,1,0.8968299031257629,0.08270714432001114,-0.4345752000808716,0,0.4088689982891083,0.22006376087665558,0.8856620788574219,0,0.16888487339019775,-0.9719728827476501,0.1635434478521347,0,0,0.3969770073890686,0,1,0.973111093044281,0.06435917317867279,-0.22116275131702423,0,0.10684417933225632,0.7244998812675476,0.6809441447257996,0,0.2040572613477707,-0.6862638592720032,0.6981421113014221,0,0,0.1835460066795349,0,1
K0.067,0.8388450741767883,0.07176688313484192,0.5396190285682678,0,0.03152189031243324,0.9832050204277039,-0.17976300418376923,0,-0.5434569120407104,0.16780301928520203,0.8224940299987793,0,-0.00833798386156559,0.9216269254684448,-0.0077889407984912395,1,0.9937099814414978,0.058486007153987885,0.09549925476312637,0,-0.07886107265949249,0.9709399938583374,0.2259560525417328,0,-0.07950876653194427,-0.23206596076488495,0.969444990158081,0,0,0.10523500293493271,-0.00008199999865610152,1,0.9991020560264587,0.010791169479489326,0.04097695276141167,0,-0.012258860282599926,0.9992859959602356,0.035736870020627975,0,-0.04056204855442047,-0.036207109689712524,0.9985209107398987,0,0,0.12277500331401825,0,1,0.9990919828414917,0.011500871740281582,0.04101788252592087,0,-0.012961158528923988,0.9992849826812744,0.035514794290065765,0,-0.04058011621236801,-0.036014191806316376,0.9985269904136658,0,0,0.1403139978647232,0,1,0.9665089845657349,-0.0547773502767086,-0.2507179379463196,0,0.1070016548037529,0.9739999771118164,0.1996862292289734,0,0.23326098918914795,-0.21982577443122864,0.9472410082817078,0,0,0.15785300731658936,0,1,0.9809989333152771,0.124632827937603,-0.14868630468845367,0,-0.07550013065338135,0.9512019753456116,0.29918986558914185,0,0.178719624876976,-0.2822791635990143,0.9425380825996399,0,0,0.10246600210666656,0.00005500000042957254,1,0.20189082622528076,-0.0028620187658816576,-0.9794039130210876,0,0.6279960870742798,-0.7669917941093445,0.13169413805007935,0,-0.7515720129013062,-0.6416498422622681,-0.1530511975288391,0,0.06731700152158737,0.13328400254249573,0.0011690000537782907,1,-0.4281765818595886,-0.6116330027580261,-0.6652592420578003,0,-0.6364029049873352,0.72673499584198,-0.258549302816391,0,0.6416047215461731,0.3126682937145233,-0.7004162669181824,0,0,0.15568800270557404,0,1,0.2419763207435608,-0.7678970694541931,-0.5931117534637451,0,0.8407878875732422,0.47103920578956604,-0.2668280601501465,0,0.48427534103393555,-0.43411505222320557,0.7596187591552734,0,0,0.16660399734973907,0,1,-0.7446691393852234,0.14532922208309174,0.6514186859130859,0,-0.16107505559921265,0.9080249667167664,-0.3867100775241852,0,-0.6477052569389343,-0.39289870858192444,-0.6527698040008545,0,0,0.28111401200294495,0,1,0.7542681097984314,-0.6499699354171753,0.09283874928951263,0,0.6547000408172607,0.7339119911193848,-0.1809440702199936,0,0.04947275295853615,0.19726194441318512,0.9791020750999451,0,-0.020045999437570572,0.047380998730659485,0,1,0.9150400757789612,0.21804837882518768,-0.33934763073921204,0,-0.2509826421737671,0.9663811326026917,-0.05581691861152649,0,0.31576842069625854,0.13624508678913116,0.9390038847923279,0,-0.004360000137239695,0.040925998240709305,0,1,0.9998009204864502,-0.011695096269249916,-0.016165316104888916,0,0.013475903309881687,0.9932910203933716,0.1148499995470047,0,0.014713683165609837,-0.1150449886918068,0.9932510256767273,0,0.0010100000072270632,0.02512899972498417,0,1,0.958406925201416,-0.2421889752149582,0.15100204944610596,0,0.2844310402870178,0.7667829394340515,-0.5754510164260864,0,0.023582056164741516,0.5944650173187256,0.8037750124931335,0,0,0.07714200019836426,0.0002579999854788184,1,0.9487790465354919,-0.2715682089328766,0.16146063804626465,0,0.2816987633705139,0.4957411587238312,-0.8215150237083435,0,0.14305461943149567,0.8249190449714661,0.5468489527702332,0,-0.00039500001003034413,0.031268998980522156,0,1,0.9949849843978882,-0.09888503700494766,0.015029879286885262,0,0.0968969538807869,0.9157039523124695,-0.38999611139297485,0,0.02480187825858593,0.38949692249298096,0.9206940531730652,0,-0.00022499999613501132,0.019347000867128372,0,1,0.07303597778081894,-0.017409296706318855,0.9971769452095032,0,-0.6507936716079712,-0.7584732174873352,0.034424036741256714,0,0.755733072757721,-0.651470959186554,-0.06672568619251251,0,-0.06731700152158737,0.1332859992980957,-0.0012080000014975667,1,-0.43358901143074036,0.8995710015296936,-0.05264396220445633,0,0.8776779770851135,0.43482908606529236,0.20150569081306458,0,0.20416003465652466,0.04116625338792801,-0.978071928024292,0,0,0.15568800270557404,0,1,-0.2685510218143463,0.8585938811302185,0.4366890490055084,0,-0.942732036113739,-0.14116188883781433,-0.30220794677734375,0,-0.19783005118370056,-0.49283894896507263,0.8473330736160278,0,0,0.16714300215244293,0,1,0.46368247270584106,-0.6005732417106628,-0.6513922214508057,0,0.5426467657089233,0.7736771106719971,-0.32704412937164307,0,0.7003807425498962,-0.20183107256889343,0.6846392154693604,0,0,0.2851470112800598,0,1,0.7829920053482056,0.5977110266685486,-0.17223401367664337,0,-0.6032230257987976,0.6620542407035828,-0.44475364685058594,0,-0.15180601179599762,0.452134370803833,0.8789368271827698,0,0.02057100087404251,0.04828900098800659,0,1,0.808438241481781,-0.47350481152534485,0.349601686000824,0,0.48228320479393005,0.8733968734741211,0.06768105924129486,0,-0.3373883366584778,0.11389106512069702,0.9344508647918701,0,0.00367900007404387,0.04182799905538559,0,1,0.21708828210830688,-0.9755289554595947,-0.03486545383930206,0,0.9710960388183594,0.21219569444656372,0.10929220169782639,0,-0.09921944886445999,-0.05758379027247429,0.9933979511260986,0,0.0015689999563619494,0.0257789995521307,0,1,0.9855120182037354,0.14947286248207092,-0.080146923661232,0,-0.1637871414422989,0.9614460468292236,-0.22089558839797974,0,0.04403907060623169,0.23082241415977478,0.9719988703727722,0,0,0.0856660008430481,0.00028300000121816993,1,0.988008975982666,0.14731499552726746,-0.0462164543569088,0,-0.1379839926958084,0.708207905292511,-0.6923891305923462,0,-0.06926845014095306,0.6904639005661011,0.7200430631637573,0,0.0009330000029876828,0.02841700054705143,0,1,0.9796109795570374,0.19495198130607605,-0.048541173338890076,0,-0.19432103633880615,0.8580949306488037,-0.4753020703792572,0,-0.05100817233324051,0.47504398226737976,0.87848299741745,0,-0.0010130000300705433,0.020188000053167343,0,1,-0.8403318524360657,-0.02137605845928192,0.5416508913040161,0,0.2624027729034424,-0.8903880715370178,0.37195995450019836,0,0.4743281900882721,0.4547002911567688,0.7538303136825562,0,0.09607099741697311,-0.0574829988181591,-0.015581999905407429,1,0.9813119769096375,-0.16787011921405792,-0.09405814111232758,0,-0.02215803973376751,0.3869727551937103,-0.9218244552612305,0,0.1911446750164032,0.9066812992095947,0.37602123618125916,0,0,0.43394801020622253,0,1,0.8523507714271545,0.2957721948623657,0.43129825592041016,0,-0.5229668021202087,0.4855425953865051,0.7005388140678406,0,-0.002213783096522093,-0.8226588368415833,0.5685312151908875,0,0,0.39697301387786865,0,1,0.9788910746574402,-0.06186104193329811,0.19479776918888092,0,-0.0949840396642685,0.7062278389930725,0.7015841603279114,0,-0.18097226321697235,-0.7052769064903259,0.6854440569877625,0,0,0.1716659963130951,0,1,-0.9989999532699585,-0.03443923592567444,-0.028494738042354584,0,0.025046126917004585,-0.9592878222465515,0.28131723403930664,0,-0.03702303394675255,0.28032243251800537,0.9591919183731079,0,-0.09607099741697311,-0.0574829988181591,-0.006434000097215176,1,0.9902330636978149,-0.12092912197113037,0.06938356906175613,0,0.13182595372200012,0.6501138210296631,-0.7483141422271729,0,0.04538577049970627,0.750152051448822,0.6597058773040771,0,0,0.43394899368286133,0,1,0.8969110250473022,0.09397880733013153,-0.43210896849632263,0,0.40544095635414124,0.21534784138202667,0.8883931040763855,0,0.17654401063919067,-0.9720050096511841,0.15504512190818787,0,0,0.3969770073890686,0,1,0.9732279777526855,0.0639452338218689,-0.22076581418514252,0,0.1066582202911377,0.7251831889152527,0.6802447438240051,0,0.20359420776367188,-0.6855801939964294,0.6989488005638123,0,0,0.1835460066795349,0,1
K0.100,0.837026059627533,0.07083789259195328,0.5425578951835632,0,0.03136489912867546,0.9837419986724854,-0.1768280267715454,0,-0.5462630987167358,0.1650269478559494,0.8211959004402161,0,-0.010048001073300838,0.9281560182571411,-0.013344003818929195,1,0.9939470291137695,0.05557310953736305,0.09476602077484131,0,-0.07566489279270172,0.9716989994049072,0.22377805411815643,0,-0.0796479806303978,-0.2295939326286316,0.9700220227241516,0,0,0.10523500293493271,-0.00008199999865610152,1,0.999098002910614,0.00994896236807108,0.0412730947136879,0,-0.011415038257837296,0.9993070363998413,0.03543891757726669,0,-0.04089190438389778,-0.035878077149391174,0.9985190033912659,0,0,0.12277500331401825,0,1,0.9990890026092529,0.01065986417233944,0.04132194072008133,0,-0.012118137441575527,0.9993069767951965,0.035202156752347946,0,-0.040918055921792984,-0.03567083925008774,0.9985259175300598,0,0,0.1403139978647232,0,1,0.9661729335784912,-0.05658809468150139,-0.25160807371139526,0,0.1091608852148056,0.9736559391021729,0.20019614696502686,0,0.23365092277526855,-0.22088982164859772,0.946897029876709,0,0,0.15785300731658936,0,1,0.9807069897651672,0.12527786195278168,-0.1500641256570816,0,-0.07570312917232513,0.9511488080024719,0.2993074357509613,0,0.18022990226745605,-0.2821725606918335,0.9422821998596191,0,0,0.10246600210666656,0.00005500000042957254,1,0.20024584233760834,-0.002918379381299019,-0.9797409772872925,0,0.6275402903556824,-0.7675615549087524,0.13054712116718292,0,-0.7523930072784424,-0.6409688591957092,-0.15186965465545654,0,0.06731700152158737,0.13328400254249573,0.0011690000537782907,1,-0.44054538011550903,-0.6018571257591248,-0.6660986542701721,0,-0.6233169436454773,0.7390440106391907,-0.25551697611808777,0,0.646061360836029,0.3026239573955536,-0.7007306814193726,0,0,0.15568800270557404,0,1,0.211104154586792,-0.7843338251113892,-0.5833142399787903,0,0.8587852120399475,0.43383166193962097,-0.2725387513637543,0,0.4668217599391937,-0.44340780377388,0.7651583552360535,0,0,0.16660399734973907,0,1,-0.7472842931747437,0.13568826019763947,0.6505037546157837,0,-0.18210428953170776,0.8996368050575256,-0.39685216546058655,0,-0.6390652656555176,-0.4150208532810211,-0.6475750207901001,0,0,0.28111401200294495,0,1,0.7542678713798523,-0.6499701738357544,0.09283876419067383,0,0.654700756072998,0.7339122295379639,-0.18094412982463837,0,0.04947277158498764,0.19726189970970154,0.9791020750999451,0,-0.020045999437570572,0.047380998730659485,0,1,0.9150400757789612,0.21804837882518768,-0.33934763073921204,0,-0.2509826421737671,0.9663811326026917,-0.05581691861152649,0,0.31576842069625854,0.13624508678913116,0.9390038847923279,0,-0.004360000137239695,0.040925998240709305,0,1,0.9998009204864502,-0.01169509906321764,-0.01616531051695347,0,0.013475902378559113,0.9932920336723328,0.11484906077384949,0,0.014713688753545284,-0.11504394561052322,0.9932510256767273,0,0.0010100000072270632,0.02512899972498417,0,1,0.9584069848060608,-0.2421879917383194,0.1510017216205597,0,0.28443002700805664,0.7667829990386963,-0.5754509568214417,0,0.023581726476550102,0.5944650769233704,0.8037750124931335,0,0,0.07714200019836426,0.0002579999854788184,1,0.9487789869308472,-0.27156832814216614,0.1614607870578766,0,0.28169867396354675,0.4957401752471924,-0.8215150237083435,0,0.1430547833442688,0.8249189853668213,0.5468479990959167,0,-0.00039500001003034413,0.031268998980522156,0,1,0.9949849843978882,-0.09888503700494766,0.015029879286885262,0,0.0968969538807869,0.9157039523124695,-0.38999611139297485,0,0.02480187825858593,0.38949692249298096,0.9206940531730652,0,-0.00022499999613501132,0.019347000867128372,0,1,0.0714511126279831,-0.01743176579475403,0.9972920417785645,0,-0.6532412171363831,-0.7564048171043396,0.03358031064271927,0,0.7537712454795837,-0.6538717746734619,-0.06543321907520294,0,-0.06731700152158737,0.1332859992980957,-0.0012080000014975667,1,-0.44145575165748596,0.8956680297851562,-0.053818173706531525,0,0.8733818531036377,0.4426741898059845,0.20308414101600647,0,0.20571982860565186,0.04264884814620018,-0.9776809215545654,0,0,0.15568800270557404,0,1,-0.2871517837047577,0.8555808663368225,0.4307263493537903,0,-0.9394238591194153,-0.16368447244167328,-0.3011469841003418,0,-0.18715251982212067,-0.4911099076271057,0.8507561087608337,0,0,0.16714300215244293,0,1,0.45786502957344055,-0.6046164035797119,-0.6517655849456787,0,0.5480235815048218,0.769220232963562,-0.3285880386829376,0,0.7000213861465454,-0.2067340463399887,0.6835435032844543,0,0,0.2851470112800598,0,1,0.7829921245574951,0.5977109670639038,-0.17223472893238068,0,-0.6032230854034424,0.6620538830757141,-0.44475406408309937,0,-0.15180571377277374,0.4521349370479584,0.8789360523223877,0,0.02057100087404251,0.04828900098800659,0,1,0.8084380030632019,-0.4735051691532135,0.349601686000824,0,0.4822838604450226,0.8733971118927002,0.06768116354942322,0,-0.3373883366584778,0.11389116197824478,0.9344508647918701,0,0.00367900007404387,0.04182799905538559,0,1,0.21708828210830688,-0.97552889585495,-0.03486505150794983,0,0.9710960388183594,0.2121957689523697,0.10929170250892639,0,-0.09921904653310776,-0.0575832836329937,0.9933979511260986,0,0.0015689999563619494,0.0257789995521307,0,1,0.9855120182037354,0.14947284758090973,-0.08014696091413498,0,-0.16378715634346008,0.9614459276199341,-0.22089605033397675,0,0.0440390445291996,0.23082295060157776,0.9719989895820618,0,0,0.0856660008430481,0.00028300000121816993,1,0.988008975982666,0.14731520414352417,-0.04621589928865433,0,-0.1379837691783905,0.7082082033157349,-0.6923888325691223,0,-0.06926890462636948,0.6904631853103638,0.720042884349823,0,0.0009330000029876828,0.02841700054705143,0,1,0.9796109795570374,0.19495198130607605,-0.048541173338890076,0,-0.19432103633880615,0.8580949306488037,-0.4753020703792572,0,-0.05100817233324051,0.47504398226737976,0.87848299741745,0,-0.0010130000300705433,0.020188000053167343,0,1,-0.8445419073104858,-0.02241860330104828,0.535020112991333,0,0.2727814018726349,-0.8777828812599182,0.3938107192516327,0,0.4608028531074524,0.47853320837020874,0.7474399209022522,0,0.09607099741697311,-0.0574829988181591,-0.015581999905407429,1,0.981855034828186,-0.1524066925048828,-0.11283901333808899,0,-0.014607705175876617,0.5324862599372864,-0.8463128209114075,0,0.1890689879655838,0.8326049447059631,0.5205980539321899,0,0,0.43394801020622253,0,1,0.8748277425765991,0.2441612184047699,0.41840237379074097,0,-0.4830856919288635,0.5040740966796875,0.7159171104431152,0,-0.03610662743449211,-0.8284289240837097,0.5589292049407959,0,0,0.39697301387786865,0,1,0.9796321392059326,-0.05902574956417084,0.19192874431610107,0,-0.09377875179052353,0.7106901407241821,0.6972259879112244,0,-0.17755624651908875,-0.7010241150856018,0.6906798481941223,0,0,0.1716659963130951,0,1,-0.9989899396896362,-0.01650017686188221,-0.04179499298334122,0,0.005700795911252499,-0.9691629409790039,0.24635301530361176,0,-0.04457102343440056,0.24586589634418488,0.9682779908180237,0,-0.09607099741697311,-0.0574829988181591,-0.006434000097215176,1,0.990738034248352,-0.11311767250299454,0.07511810958385468,0,0.13184630870819092,0.6690539717674255,-0.7314258813858032,0,0.032479096204042435,0.7345550060272217,0.6777709722518921,0,0,0.43394899368286133,0,1,0.8970070481300354,0.10537660866975784,-0.42927196621894836,0,0.4008776545524597,0.21519285440444946,0.8904991149902344,0,0.18621408939361572,-0.9708698987960815,0.15078644454479218,0,0,0.3969770073890686,0,1,0.9729981422424316,0.06475581973791122,-0.22154363989830017,0,0.10702381283044815,0.7238437533378601,0.6816132664680481,0,0.20450137555599213,-0.6869187951087952,0.6973681449890137,0,0,0.1835460066795349,0,1
