1.333,30,40,41
B0,mixamorig_Hips,-1,0.8427649736404419,0.06932699680328369,0.5337989926338196,0,0.032437000423669815,0.9833289980888367,-0.17892099916934967,0,-0.5373039841651917,0.16810299456119537,0.8264660239219666,0,-0.005187000147998333,0.9075499773025513,0.005309999920427799,1
B1,mixamorig_Spine,0,0.9927819967269897,0.06789900362491608,0.09885899722576141,0,-0.08881500363349915,0.9701690077781677,0.22557500004768372,0,-0.080594003200531,-0.23272700607776642,0.9691969752311707,0,0,0.10523500293493271,-0.00008199999865610152,1
B2,mixamorig_Spine1,1,0.9990599751472473,0.012949000112712383,0.0413610003888607,0,-0.014391000382602215,0.9992920160293579,0.03476399928331375,0,-0.04088100045919418,-0.035326000303030014,0.9985389709472656,0,0,0.12277500331401825,0,1
B3,mixamorig_Spine2,2,0.9990530014038086,0.013667000457644463,0.04129699990153313,0,-0.015097999945282936,0.9992889761924744,0.03454799950122833,0,-0.04079600051045418,-0.03513899818062782,0.9985489845275879,0,0,0.1403139978647232,0,1
B4,mixamorig_Neck,3,0.9666460156440735,-0.05681600049138069,-0.2497349977493286,0,0.1092739999294281,0.9733700156211853,0.20151999592781067,0,0.23163500428199768,-0.22208799421787262,0.9471120238304138,0,0,0.15785300731658936,0,1
B5,mixamorig_Head,4,0.9821739792823792,0.12083400040864944,-0.14399300515651703,0,-0.07241199910640717,0.9501129984855652,0.3033849895000458,0,0.17346900701522827,-0.2875500023365021,0.9419260025024414,0,0,0.10246600210666656,0.00005500000042957254,1
B6,mixamorig_HeadTop_End,5,1,0,0,0,0,1,0,0,0,0,1,0,0,0.21866999566555023,0.00011700000322889537,1
B7,mixamorig_LeftShoulder,3,0.2161879986524582,-0.003990999888628721,-0.9763439893722534,0,0.6193299889564514,-0.7724949717521667,0.14029400050640106,0,-0.7547799944877625,-0.6350079774856567,-0.16453200578689575,0,0.06731700152158737,0.13328400254249573,0.0011690000537782907,1
B8,mixamorig_LeftArm,7,-0.41861000657081604,-0.6122859716415405,-0.6707239747047424,0,-0.633870005607605,0.7258819937705994,-0.2670289874076843,0,0.6503639817237854,0.3133710026741028,-0.691972017288208,0,0,0.15568800270557404,0,1
B9,mixamorig_LeftForeArm,8,0.26025399565696716,-0.757345974445343,-0.5989120006561279,0,0.8292350172996521,0.4930669963359833,-0.2631610035896301,0,0.4946080148220062,-0.4281499981880188,0.7563400268554688,0,0,0.16660399734973907,0,1
B10,mixamorig_LeftHand,9,-0.7415840029716492,0.15429000556468964,0.6528760194778442,0,-0.14716799557209015,0.9120720028877258,-0.38270899653434753,0,-0.6545180082321167,-0.3798939883708954,-0.6536719799041748,0,0,0.28111401200294495,0,1
B11,mixamorig_LeftHandThumb1,10,0.8471019864082336,-0.5251619815826416,0.0813789963722229,0,0.5270090103149414,0.810437023639679,-0.255840003490448,0,0.06840500235557556,0.25960999727249146,0.9632880091667175,0,-0.020045999437570572,0.047380998730659485,0,1
B12,mixamorig_LeftHandThumb2,11,0.9150400161743164,0.21804800629615784,-0.3393479883670807,0,-0.25098299980163574,0.9663810133934021,-0.055817000567913055,0,0.3157680034637451,0.136244997382164,0.9390040040016174,0,-0.004360000137239695,0.040925998240709305,0,1
B13,mixamorig_LeftHandThumb3,12,0.999800980091095,-0.01169500034302473,-0.016165999695658684,0,0.013476000167429447,0.9932910203933716,0.1148499995470047,0,0.014713999815285206,-0.11504500359296799,0.9932510256767273,0,0.0010100000072270632,0.02512899972498417,0,1
B14,mixamorig_LeftHandThumb4,13,1,0,0,0,0,1,0,0,0,0,1,0,0.0033499998971819878,0.018556000664830208,0,1
B15,mixamorig_LeftHandIndex1,10,0.9740809798240662,-0.19598500430583954,0.11294499784708023,0,0.22540399432182312,0.7991369962692261,-0.5572909712791443,0,0.01896199956536293,0.5683050155639648,0.8225989937782288,0,0,0.07714200019836426,0.0002579999854788184,1
B16,mixamorig_LeftHandIndex2,15,0.9488639831542969,-0.27142301201820374,0.16120299696922302,0,0.2815369963645935,0.4965740144252777,-0.8210669755935669,0,0.1428080052137375,0.8244659900665283,0.5475969910621643,0,-0.00039500001003034413,0.031268998980522156,0,1
B17,mixamorig_LeftHandIndex3,16,0.9949949979782104,-0.09879499673843384,0.014999999664723873,0,0.09680899977684021,0.9158220291137695,-0.389739990234375,0,0.02476700022816658,0.3892410099506378,0.9208030104637146,0,-0.00022499999613501132,0.019347000867128372,0,1
B18,mixamorig_LeftHandIndex4,17,1,0,0,0,0,1,0,0,0,0,1,0,0.0006200000061653554,0.023427000269293785,0,1
B19,mixamorig_RightShoulder,3,0.0772320032119751,-0.01732099987566471,0.9968630075454712,0,-0.6471030116081238,-0.7615090012550354,0.03690199926495552,0,0.7584810256958008,-0.6479229927062988,-0.07002100348472595,0,-0.06731700152158737,0.1332859992980957,-0.0012080000014975667,1
B20,mixamorig_RightArm,19,-0.42659899592399597,0.9025539755821228,-0.05839899927377701,0,0.8824589848518372,0.42951101064682007,0.19179700314998627,0,0.19819000363349915,0.030285000801086426,-0.9796959757804871,0,0,0.15568800270557404,0,1
B21,mixamorig_RightForeArm,20,-0.2537589967250824,0.8606650233268738,0.4414309859275818,0,-0.9450070261955261,-0.12325099855661392,-0.30293700098991394,0,-0.20632100105285645,-0.4940289855003357,0.8446109890937805,0,0,0.16714300215244293,0,1
B22,mixamorig_RightHand,21,0.4623570144176483,-0.5993710160255432,-0.6534379720687866,0,0.5380370020866394,0.7754070162773132,-0.33054599165916443,0,0.704800009727478,-0.19874300062656403,0.6809980273246765,0,0,0.2851470112800598,0,1
B23,mixamorig_RightHandThumb1,22,0.7829920053482056,0.5977110266685486,-0.17223499715328217,0,-0.6032230257987976,0.6620540022850037,-0.4447540044784546,0,-0.15180499851703644,0.45213499665260315,0.8789359927177429,0,0.02057100087404251,0.04828900098800659,0,1
B24,mixamorig_RightHandThumb2,23,0.8084380030632019,-0.4735049903392792,0.34960201382637024,0,0.4822840094566345,0.8733969926834106,0.06768099963665009,0,-0.3373880088329315,0.11389099806547165,0.9344509840011597,0,0.00367900007404387,0.04182799905538559,0,1
B25,mixamorig_RightHandThumb3,24,0.2170879989862442,-0.9755290150642395,-0.03486499935388565,0,0.9710959792137146,0.2121949940919876,0.10929200053215027,0,-0.09922000020742416,-0.057583998888731,0.9933980107307434,0,0.0015689999563619494,0.0257789995521307,0,1
B26,mixamorig_RightHandThumb4,25,1,0,0,0,0,1,0,0,0,0,1,0,-0.005247999913990498,0.01868399977684021,0,1
B27,mixamorig_RightHandIndex1,22,0.9879099726676941,0.13735899329185486,-0.0718730017542839,0,-0.14818699657917023,0.9728919863700867,-0.17754299938678741,0,0.04553699865937233,0.1860470026731491,0.9814850091934204,0,0,0.0856660008430481,0.00028300000121816993,1
B28,mixamorig_RightHandIndex2,27,0.9960359930992126,0.08791700005531311,-0.013513999991118908,0,-0.08200599998235703,0.8487780094146729,-0.5223519802093506,0,-0.034453000873327255,0.5213900208473206,0.8526229858398438,0,0.0009330000029876828,0.02841700054705143,0,1
B29,mixamorig_RightHandIndex3,28,0.9796159863471985,0.19492900371551514,-0.048528000712394714,0,-0.19429999589920044,0.8581420183181763,-0.4752250015735626,0,-0.0509909987449646,0.47496700286865234,0.8785250186920166,0,-0.0010130000300705433,0.020188000053167343,0,1
B30,mixamorig_RightHandIndex4,29,1,0,0,0,0,1,0,0,0,0,1,0,0.00007999999797903001,0.02274099923670292,0,1
B31,mixamorig_LeftUpLeg,0,-0.8363839983940125,-0.024922000244259834,0.5475770235061646,0,0.20358599722385406,-0.9416319727897644,0.26810699701309204,0,0.5089340209960938,0.3357189893722534,0.792639970779419,0,0.09607099741697311,-0.0574829988181591,-0.015581999905407429,1
B32,mixamorig_LeftLeg,31,0.9810900092124939,-0.18248699605464935,-0.06450799852609634,0,-0.028939999639987946,0.19122900068759918,-0.9811189770698547,0,0.19137699902057648,0.9644320011138916,0.18233199417591095,0,0,0.43394801020622253,0,1
B33,mixamorig_LeftFoot,32,0.7735159993171692,0.3959519863128662,0.4948689937591553,0,-0.6336749792098999,0.46917301416397095,0.6150869727134705,0,0.011366000398993492,-0.7893660068511963,0.6138179898262024,0,0,0.39697301387786865,0,1
B34,mixamorig_LeftToeBase,33,0.9781669974327087,-0.06459499895572662,0.19752700626850128,0,-0.09615900367498398,0.7019270062446594,0.7057279944419861,0,-0.18423600494861603,-0.7093129754066467,0.6803910136222839,0,0,0.1716659963130951,0,1
B35,mixamorig_LeftToe_End,34,1,0,0,0,0,1,0,0,0,0,1,0,0,0.06791199743747711,0,1
B36,mixamorig_RightUpLeg,0,-0.997527003288269,-0.07019300013780594,0.003602999961003661,0,0.06693699955940247,-0.9331369996070862,0.3532339930534363,0,-0.021431999281048775,0.35260099172592163,0.9355279803276062,0,-0.09607099741697311,-0.0574829988181591,-0.006434000097215176,1
B37,mixamorig_RightLeg,36,0.9887030124664307,-0.13910700380802155,0.05582299828529358,0,0.13052399456501007,0.6159229874610901,-0.7769179940223694,0,0.07369200140237808,0.775426983833313,0.6271219849586487,0,0,0.43394899368286133,0,1
B38,mixamorig_RightFoot,37,0.8967390060424805,0.07404199987649918,-0.43632200360298157,0,0.4096130132675171,0.23441599309444427,0.8816270232200623,0,0.1675579994916916,-0.9693130254745483,0.1798810064792633,0,0,0.3969770073890686,0,1
B39,mixamorig_RightToeBase,38,0.9729899764060974,0.06478500366210938,-0.22157199680805206,0,0.1070370003581047,0.7237949967384338,0.6816620230674744,0,0.20453399419784546,-0.6869670152664185,0.6973109841346741,0,0,0.1835460066795349,0,1
B40,mixamorig_RightToe_End,39,1,0,0,0,0,1,0,0,0,0,1,0,0,0.07267499715089798,0,1
@34,0,1,2,3,4,5,7,8,9,10,11,12,13,15,16,17,19,20,21,22,23,24,25,27,28,29,31,32,33,34,36,37,38,39
K0,0.8427649736404419,0.06932689994573593,0.5337990522384644,0,0.032436903566122055,0.9833289980888367,-0.1789209395647049,0,-0.5373038649559021,0.16810300946235657,0.8264660835266113,0,-0.005187000147998333,0.9075499773025513,0.005309999920427799,1,0.9927819967269897,0.06789913028478622,0.09885920584201813,0,-0.0888148620724678,0.970168948173523,0.22557498514652252,0,-0.08059380948543549,-0.23272700607776642,0.9691969752311707,0,0,0.10523500293493271,-0.00008199999865610152,1,0.9990600347518921,0.012948893941938877,0.04136072099208832,0,-0.014391106553375721,0.9992920756340027,0.034763727337121964,0,-0.040881283581256866,-0.0353262722492218,0.9985389709472656,0,0,0.12277500331401825,0,1,0.9990530014038086,0.013666839338839054,0.04129726067185402,0,-0.01509816199541092,0.9992889761924744,0.03454810008406639,0,-0.04079573601484299,-0.035138897597789764,0.9985489845275879,0,0,0.1403139978647232,0,1,0.9666460752487183,-0.05681583285331726,-0.24973507225513458,0,0.10927416384220123,0.9733699560165405,0.20152002573013306,0,0.2316349297761917,-0.22208796441555023,0.9471120238304138,0,0,0.15785300731658936,0,1,0.9821739196777344,0.12083427608013153,-0.1439930498600006,0,-0.07241170853376389,0.95011305809021,0.3033849895000458,0,0.17346897721290588,-0.28755003213882446,0.9419260025024414,0,0,0.10246600210666656,0.00005500000042957254,1,0.21618790924549103,-0.003991273697465658,-0.9763439297676086,0,0.619330108165741,-0.7724947929382324,0.1402936726808548,0,-0.7547796964645386,-0.6350082755088806,-0.16453182697296143,0,0.06731700152158737,0.13328400254249573,0.0011690000537782907,1,-0.418610543012619,-0.6122859120368958,-0.6707237362861633,0,-0.6338701844215393,0.725881814956665,-0.2670287787914276,0,0.6503643989562988,0.31337082386016846,-0.6919718384742737,0,0,0.15568800270557404,0,1,0.2602538466453552,-0.7573459148406982,-0.5989122986793518,0,0.8292350769042969,0.49306684732437134,-0.26316124200820923,0,0.49460774660110474,-0.4281502366065979,0.7563400864601135,0,0,0.16660399734973907,0,1,-0.741584300994873,0.15429027378559113,0.6528757214546204,0,-0.14716826379299164,0.9120718836784363,-0.3827091157436371,0,-0.6545182466506958,-0.37989383935928345,-0.6536718606948853,0,0,0.28111401200294495,0,1,0.8471020460128784,-0.525161862373352,0.08137892186641693,0,0.5270091891288757,0.8104369044303894,-0.2558399736881256,0,0.06840492784976959,0.25961005687713623,0.9632880687713623,0,-0.020045999437570572,0.047380998730659485,0,1,0.9150400757789612,0.21804837882518768,-0.33934763073921204,0,-0.2509826421737671,0.9663811326026917,-0.05581691861152649,0,0.31576842069625854,0.13624508678913116,0.9390038847923279,0,-0.004360000137239695,0.040925998240709305,0,1,0.9998009204864502,-0.011695067398250103,-0.01616581529378891,0,0.0134759321808815,0.9932910203933716,0.1148499995470047,0,0.01471418235450983,-0.1150449886918068,0.9932510256767273,0,0.0010100000072270632,0.02512899972498417,0,1,0.9740810394287109,-0.19598481059074402,0.112945057451725,0,0.22540421783924103,0.7991368174552917,-0.5572912693023682,0,0.018962055444717407,0.5683047771453857,0.8225992321968079,0,0,0.07714200019836426,0.0002579999854788184,1,0.9488639235496521,-0.2714233100414276,0.16120274364948273,0,0.28153669834136963,0.4965740442276001,-0.8210669755935669,0,0.1428077220916748,0.8244658708572388,0.5475971698760986,0,-0.00039500001003034413,0.031268998980522156,0,1,0.9949949979782104,-0.0987948626279831,0.014999976381659508,0,0.09680913388729095,0.9158222079277039,-0.3897397220134735,0,0.02476697973906994,0.3892413079738617,0.9208029508590698,0,-0.00022499999613501132,0.019347000867128372,0,1,0.07723172008991241,-0.017321327701210976,0.9968630075454712,0,-0.6471027731895447,-0.7615090608596802,0.03690224140882492,0,0.7584811449050903,-0.6479228734970093,-0.07002124190330505,0,-0.06731700152158737,0.1332859992980957,-0.0012080000014975667,1,-0.4265989065170288,0.9025538563728333,-0.058399125933647156,0,0.8824589848518372,0.42951104044914246,0.19179660081863403,0,0.1981898695230484,0.030285393819212914,-0.9796959757804871,0,0,0.15568800270557404,0,1,-0.25375896692276,0.8606648445129395,0.4414313733577728,0,-0.9450069069862366,-0.12325127422809601,-0.3029371201992035,0,-0.20632052421569824,-0.49402910470962524,0.8446110486984253,0,0,0.16714300215244293,0,1,0.4623568654060364,-0.599371075630188,-0.6534379720687866,0,0.5380368828773499,0.7754069566726685,-0.3305462896823883,0,0.7047998309135437,-0.1987432986497879,0.6809981465339661,0,0,0.2851470112800598,0,1,0.7829921245574951,0.5977107882499695,-0.17223522067070007,0,-0.6032232642173767,0.6620538830757141,-0.4447539150714874,0,-0.15180522203445435,0.4521350860595703,0.8789359331130981,0,0.02057100087404251,0.04828900098800659,0,1,0.8084380030632019,-0.4735051691532135,0.349601686000824,0,0.4822838604450226,0.8733971118927002,0.06768116354942322,0,-0.3373883366584778,0.11389116197824478,0.9344508647918701,0,0.00367900007404387,0.04182799905538559,0,1,0.21708780527114868,-0.9755290150642395,-0.03486500307917595,0,0.9710958003997803,0.21219520270824432,0.10929258912801743,0,-0.09922000765800476,-0.05758339911699295,0.9933980703353882,0,0.0015689999563619494,0.0257789995521307,0,1,0.9879100322723389,0.13735872507095337,-0.07187268137931824,0,-0.14818726480007172,0.9728919863700867,-0.17754289507865906,0,0.0455373078584671,0.18604709208011627,0.9814849495887756,0,0,0.0856660008430481,0.00028300000121816993,1,0.9960359930992126,0.08791689574718475,-0.01351410523056984,0,-0.08200611174106598,0.8487778902053833,-0.5223521590232849,0,-0.03445310518145561,0.5213897824287415,0.8526230454444885,0,0.0009330000029876828,0.02841700054705143,0,1,0.9796158671379089,0.19492940604686737,-0.04852822422981262,0,-0.1942995935678482,0.8581421971321106,-0.47522488236427307,0,-0.05099122226238251,0.4749671518802643,0.8785249590873718,0,-0.0010130000300705433,0.020188000053167343,0,1,-0.8363842368125916,-0.024921832606196404,0.5475768446922302,0,0.2035861760377884,-0.941632091999054,0.26810675859451294,0,0.5089341402053833,0.3357192873954773,0.7926397323608398,0,0.09607099741697311,-0.0574829988181591,-0.015581999905407429,1,0.9810900092124939,-0.18248717486858368,-0.06450777500867844,0,-0.028940167278051376,0.19122929871082306,-0.9811188578605652,0,0.19137722253799438,0.9644319415092468,0.18233180046081543,0,0,0.43394801020622253,0,1,0.7735159397125244,0.3959521949291229,0.4948689341545105,0,-0.6336748600006104,0.46917304396629333,0.61508709192276,0,0.011365902610123158,-0.7893660068511963,0.6138180494308472,0,0,0.39697301387786865,0,1,0.978166937828064,-0.06459484249353409,0.19752702116966248,0,-0.09615883976221085,0.7019273638725281,0.7057276368141174,0,-0.18423597514629364,-0.7093133330345154,0.6803907155990601,0,0,0.1716659963130951,0,1,-0.997527003288269,-0.07019249349832535,0.003603133838623762,0,0.06693749874830246,-0.9331369996070862,0.35323366522789,0,-0.02143213339149952,0.3526012599468231,0.9355278611183167,0,-0.09607099741697311,-0.0574829988181591,-0.006434000097215176,1,0.9887030124664307,-0.13910716772079468,0.05582309141755104,0,0.13052381575107574,0.6159232258796692,-0.7769178748130798,0,0.07369209825992584,0.7754271626472473,0.6271218061447144,0,0,0.43394899368286133,0,1,0.8967391848564148,0.07404226064682007,-0.4363216459751129,0,0.4096132814884186,0.23441559076309204,0.8816270232200623,0,0.16755834221839905,-0.9693130850791931,0.1798810213804245,0,0,0.3969770073890686,0,1,0.9729900360107422,0.06478507071733475,-0.22157183289527893,0,0.10703707486391068,0.7237949967384338,0.6816620826721191,0,0.2045341432094574,-0.6869669556617737,0.6973110437393188,0,0,0.1835460066795349,0,1
K0.033,0.8405100703239441,0.07575180381536484,0.5364738702774048,0,0.031017746776342392,0.9818260073661804,-0.18723337352275848,0,-0.5409072041511536,0.1740117371082306,0.8228849172592163,0,-0.01019203569740057,0.9116160869598389,0.005631004460155964,1,0.993876039981842,0.05619361624121666,0.09514812380075455,0,-0.07679619640111923,0.9703719615936279,0.2290869504213333,0,-0.07945585995912552,-0.23499107360839844,0.9687450528144836,0,0,0.10523500293493271,-0.00008199999865610152,1,0.9990620017051697,0.008547010831534863,0.04245617240667343,0,-0.010036909952759743,0.9993370175361633,0.03500436618924141,0,-0.042128823697566986,-0.03539764881134033,0.9984850287437439,0,0,0.12277500331401825,0,1,0.9990509748458862,0.009328716434538364,0.042537931352853775,0,-0.010805202648043633,0.9993420243263245,0.03461310639977455,0,-0.04218706861138344,-0.035039905458688736,0.9984949827194214,0,0,0.1403139978647232,0,1,0.966994047164917,-0.044829968363046646,-0.2508227229118347,0,0.09970579296350479,0.9724780321121216,0.21058201789855957,0,0.23447933793067932,-0.22864016890525818,0.9448508620262146,0,0,0.15785300731658936,0,1,0.9821739196777344,0.12083427608013153,-0.1439930498600006,0,-0.07241170853376389,0.95011305809021,0.3033849895000458,0,0.17346897721290588,-0.28755003213882446,0.9419260025024414,0,0,0.10246600210666656,0.00005500000042957254,1,0.20930729806423187,-0.0034134474117308855,-0.9778439998626709,0,0.6237255930900574,-0.7696865797042847,0.13619516789913177,0,-0.7530981302261353,-0.6384128928184509,-0.15897199511528015,0,0.06731700152158737,0.13328400254249573,0.0011690000537782907,1,-0.4277905523777008,-0.606939971446991,-0.6697902679443359,0,-0.6310379505157471,0.7310821413993835,-0.25944072008132935,0,0.6471367478370667,0.31167683005332947,-0.6957523226737976,0,0,0.15568800270557404,0,1,0.253669798374176,-0.7612189650535583,-0.5968230962753296,0,0.8334760069847107,0.48513200879096985,-0.2645071744918823,0,0.490885853767395,-0.4303401708602905,0.7575210332870483,0,0,0.16660399734973907,0,1,-0.7363988757133484,0.158260777592659,0.6577761769294739,0,-0.1466997116804123,0.9117699861526489,-0.38360604643821716,0,-0.6604508757591248,-0.37898290157318115,-0.6482100486755371,0,0,0.28111401200294495,0,1,0.8471020460128784,-0.525161862373352,0.08137907087802887,0,0.527009129524231,0.8104367852210999,-0.2558404207229614,0,0.06840507686138153,0.2596105635166168,0.9632881879806519,0,-0.020045999437570572,0.047380998730659485,0,1,0.9150400757789612,0.21804837882518768,-0.33934763073921204,0,-0.2509826421737671,0.9663811326026917,-0.05581691861152649,0,0.31576842069625854,0.13624508678913116,0.9390038847923279,0,-0.004360000137239695,0.040925998240709305,0,1,0.9998009204864502,-0.011695096269249916,-0.016165316104888916,0,0.013475903309881687,0.9932910203933716,0.1148499995470047,0,0.014713683165609837,-0.1150449886918068,0.9932510256767273,0,0.0010100000072270632,0.02512899972498417,0,1,0.9740809202194214,-0.19598427414894104,0.11294488608837128,0,0.22540374100208282,0.7991369366645813,-0.5572912693023682,0,0.018961895257234573,0.568304717540741,0.8225992321968079,0,0,0.07714200019836426,0.0002579999854788184,1,0.9488639235496521,-0.2714232802391052,0.16120289266109467,0,0.281536728143692,0.49657317996025085,-0.8210679888725281,0,0.14280788600444794,0.8244661688804626,0.5475957989692688,0,-0.00039500001003034413,0.031268998980522156,0,1,0.9949949979782104,-0.09879495948553085,0.014999477192759514,0,0.0968090370297432,0.9158222079277039,-0.3897397518157959,0,0.024767478927969933,0.3892413079738617,0.9208029508590698,0,-0.00022499999613501132,0.019347000867128372,0,1,0.0752529501914978,-0.017361117526888847,0.9970130324363708,0,-0.6483129858970642,-0.7605370879173279,0.03569032996892929,0,0.7576462626457214,-0.6490628123283386,-0.0684882253408432,0,-0.06731700152158737,0.1332859992980957,-0.0012080000014975667,1,-0.4329279661178589,0.8988850712776184,-0.0676640048623085,0,0.8758498430252075,0.43721136450767517,0.20428702235221863,0,0.21321414411067963,0.0291780773550272,-0.9765699505805969,0,0,0.15568800270557404,0,1,-0.2564435303211212,0.8603107333183289,0.4405711889266968,0,-0.9446179270744324,-0.1265016347169876,-0.3028124272823334,0,-0.2047796994447708,-0.49382540583610535,0.8451048135757446,0,0,0.16714300215244293,0,1,0.4668061137199402,-0.5874229073524475,-0.6610800623893738,0,0.5428510308265686,0.7804518938064575,-0.31017303466796875,0,0.6981438994407654,-0.21407733857631683,0.683202862739563,0,0,0.2851470112800598,0,1,0.7829921245574951,0.5977107882499695,-0.17223522067070007,0,-0.6032232642173767,0.6620538830757141,-0.4447539150714874,0,-0.15180522203445435,0.4521350860595703,0.8789359331130981,0,0.02057100087404251,0.04828900098800659,0,1,0.8084380030632019,-0.4735051691532135,0.349601686000824,0,0.4822838604450226,0.8733971118927002,0.06768116354942322,0,-0.3373883366584778,0.11389116197824478,0.9344508647918701,0,0.00367900007404387,0.04182799905538559,0,1,0.2170882523059845,-0.9755289554595947,-0.03486495837569237,0,0.9710959792137146,0.21219569444656372,0.10929260402917862,0,-0.09921997040510178,-0.05758340284228325,0.993398129940033,0,0.0015689999563619494,0.0257789995521307,0,1,0.9879100322723389,0.13735872507095337,-0.07187268137931824,0,-0.14818726480007172,0.9728919863700867,-0.17754289507865906,0,0.0455373078584671,0.18604709208011627,0.9814849495887756,0,0,0.0856660008430481,0.00028300000121816993,1,0.9960359930992126,0.08791689574718475,-0.01351410523056984,0,-0.08200611174106598,0.8487778902053833,-0.5223521590232849,0,-0.03445310518145561,0.5213897824287415,0.8526230454444885,0,0.0009330000029876828,0.02841700054705143,0,1,0.9796158671379089,0.1949293613433838,-0.04852830991148949,0,-0.19429965317249298,0.8581421971321106,-0.47522586584091187,0,-0.05099131166934967,0.4749681353569031,0.8785249590873718,0,-0.0010130000300705433,0.020188000053167343,0,1,-0.8386528491973877,-0.02842719480395317,0.5439241528511047,0,0.2376379817724228,-0.9176718592643738,0.3184431791305542,0,0.4900916814804077,0.39632052183151245,0.7763639092445374,0,0.09607099741697311,-0.0574829988181591,-0.015581999905407429,1,0.9811059236526489,-0.17905586957931519,-0.07328122109174728,0,-0.025563910603523254,0.25547245144844055,-0.9664786458015442,0,0.1917749047279358,0.9500907063484192,0.24606801569461823,0,0,0.43394801020622253,0,1,0.819936215877533,0.33783847093582153,0.46213498711586,0,-0.5722184181213379,0.4605102837085724,0.6785993576049805,0,0.016439078375697136,-0.8208503723144531,0.5709064602851868,0,0,0.39697301387786865,0,1,0.9786390066146851,-0.0628165528178215,0.19575509428977966,0,-0.09539256244897842,0.7047250270843506,0.7030380964279175,0,-0.18211591243743896,-0.7066939473152161,0.6836791038513184,0,0,0.1716659963130951,0,1,-0.9988270401954651,-0.04723081365227699,-0.010644452646374702,0,0.04157564416527748,-0.9493952393531799,0.3113204538822174,0,-0.024809708818793297,0.3105126917362213,0.9502450823783875,0,-0.09607099741697311,-0.0574829988181591,-0.006434000097215176,1,0.9890899658203125,-0.13356322050094604,0.06213825196027756,0,0.13182972371578217,0.6143132448196411,-0.7779718041419983,0,0.06573609262704849,0.7776760458946228,0.62521892786026,0,0,0.43394899368286133,0,1,0.8971719741821289,0.0962526872754097,-0.43106576800346375,0,0.40663427114486694,0.20100264251232147,0.8912049531936646,0,0.1724262237548828,-0.9748501181602478,0.14119428396224976,0,0,0.3969770073890686,0,1,0.9731398820877075,0.06425698101520538,-0.22106562554836273,0,0.10679896920919418,0.7246671319007874,0.6807718873023987,0,0.2039433866739273,-0.6860960721969604,0.698340117931366,0,0,0.1835460066795349,0,1
K0.067,0.8385040760040283,0.08093799650669098,0.538849949836731,0,0.029987061396241188,0.980553925037384,-0.19394703209400177,0,-0.5440689325332642,0.1787838488817215,0.8197711110115051,0,-0.01364496722817421,0.9158499240875244,0.006077995989471674,1,0.9945089221000671,0.047030314803123474,0.09349105507135391,0,-0.0676538497209549,0.9704879522323608,0.23146606981754303,0,-0.07984596490859985,-0.23651990294456482,0.9683399796485901,0,0,0.10523500293493271,-0.00008199999865610152,1,0.9991120100021362,0.004677021875977516,0.041884299367666245,0,-0.006182050332427025,0.9993370175361633,0.035875964909791946,0,-0.041688721626996994,-0.0361030213534832,0.9984780550003052,0,0,0.12277500331401825,0,1,0.9990969300270081,0.005426973104476929,0.04214616119861603,0,-0.006920100189745426,0.9993510842323303,0.03536265343427658,0,-0.04192684590816498,-0.035622332245111465,0.9984850287437439,0,0,0.1403139978647232,0,1,0.9672600626945496,-0.03101585991680622,-0.25188592076301575,0,0.08868636190891266,0.9712399840354919,0.22096878290176392,0,0.23778806626796722,-0.23607304692268372,0.9421919584274292,0,0,0.15785300731658936,0,1,0.9821739196777344,0.12083427608013153,-0.1439930498600006,0,-0.07241170853376389,0.95011305809021,0.3033849895000458,0,0.17346897721290588,-0.28755003213882446,0.9419260025024414,0,0,0.10246600210666656,0.00005500000042957254,1,0.20053456723690033,-0.0027319700457155704,-0.9796828031539917,0,0.6291699409484863,-0.7661617994308472,0.13092342019081116,0,-0.750953197479248,-0.6426416635513306,-0.15192298591136932,0,0.06731700152158737,0.13328400254249573,0.0011690000537782907,1,-0.4347151517868042,-0.6056240200996399,-0.666515052318573,0,-0.6335210204124451,0.7316659688949585,-0.25162726640701294,0,0.6400580406188965,0.31286516785621643,-0.7017419934272766,0,0,0.15568800270557404,0,1,0.25081342458724976,-0.7628737092018127,-0.5959161520004272,0,0.8352883458137512,0.48168936371803284,-0.2650819420814514,0,0.4892708361148834,-0.43127599358558655,0.7580341696739197,0,0,0.16660399734973907,0,1,-0.733157753944397,0.16116474568843842,0.6606851816177368,0,-0.1447717696428299,0.9122559428215027,-0.3831840753555298,0,-0.6644696593284607,-0.37658292055130005,-0.6454952955245972,0,0,0.28111401200294495,0,1,0.8471020460128784,-0.525161862373352,0.08137892186641693,0,0.5270091891288757,0.8104369044303894,-0.2558399736881256,0,0.06840492784976959,0.25961005687713623,0.9632880687713623,0,-0.020045999437570572,0.047380998730659485,0,1,0.9150400757789612,0.21804837882518768,-0.33934763073921204,0,-0.2509826421737671,0.9663811326026917,-0.05581691861152649,0,0.31576842069625854,0.13624508678913116,0.9390038847923279,0,-0.004360000137239695,0.040925998240709305,0,1,0.9998009204864502,-0.011695127934217453,-0.016164809465408325,0,0.0134758735075593,0.9932920336723328,0.11484906822443008,0,0.014713188633322716,-0.11504394561052322,0.9932510256767273,0,0.0010100000072270632,0.02512899972498417,0,1,0.9740809202194214,-0.19598528742790222,0.11294521391391754,0,0.22540472447872162,0.799136757850647,-0.5572913289070129,0,0.018962202593684196,0.5683047771453857,0.8225992321968079,0,0,0.07714200019836426,0.0002579999854788184,1,0.9488639235496521,-0.2714232802391052,0.16120289266109467,0,0.281536728143692,0.49657317996025085,-0.8210679888725281,0,0.14280788600444794,0.8244661688804626,0.5475957989692688,0,-0.00039500001003034413,0.031268998980522156,0,1,0.9949949979782104,-0.0987948626279831,0.014999976381659508,0,0.09680913388729095,0.9158222079277039,-0.3897397220134735,0,0.02476697973906994,0.3892413079738617,0.9208029508590698,0,-0.00022499999613501132,0.019347000867128372,0,1,0.0733070820569992,-0.01740187220275402,0.9971579313278198,0,-0.6506860852241516,-0.758557915687561,0.03459790721535683,0,0.7558000087738037,-0.6513730883598328,-0.0669308453798294,0,-0.06731700152158737,0.1332859992980957,-0.0012080000014975667,1,-0.4377549886703491,0.8960570096969604,-0.07384216040372849,0,0.870637059211731,0.442967027425766,0.2139430195093155,0,0.22441470623016357,0.02936488762497902,-0.9740511178970337,0,0,0.15568800270557404,0,1,-0.2600429356098175,0.8598200082778931,0.439416766166687,0,-0.9440788626670837,-0.13085970282554626,-0.3026403784751892,0,-0.202714204788208,-0.4935433864593506,0.8457667827606201,0,0,0.16714300215244293,0,1,0.4692087769508362,-0.5789361000061035,-0.6668409109115601,0,0.5490607023239136,0.7826781272888184,-0.29316818714141846,0,0.691646933555603,-0.22857889533042908,0.6851100921630859,0,0,0.2851470112800598,0,1,0.7829920053482056,0.5977110266685486,-0.1722341924905777,0,-0.6032230257987976,0.6620540022850037,-0.4447540044784546,0,-0.15180619060993195,0.45213499665260315,0.8789370059967041,0,0.02057100087404251,0.04828900098800659,0,1,0.808438241481781,-0.4735046923160553,0.3496018052101135,0,0.4822832942008972,0.8733968138694763,0.06768056005239487,0,-0.3373882472515106,0.11389156430959702,0.9344509840011597,0,0.00367900007404387,0.04182799905538559,0,1,0.21708783507347107,-0.9755290746688843,-0.034865494817495346,0,0.9710959196090698,0.21219520270824432,0.10929220169782639,0,-0.09921949356794357,-0.05758379399776459,0.9933979511260986,0,0.0015689999563619494,0.0257789995521307,0,1,0.9879100322723389,0.13735872507095337,-0.07187268137931824,0,-0.14818726480007172,0.9728919863700867,-0.17754289507865906,0,0.0455373078584671,0.18604709208011627,0.9814849495887756,0,0,0.0856660008430481,0.00028300000121816993,1,0.9960359930992126,0.08791704475879669,-0.013513579964637756,0,-0.08200597018003464,0.8487781286239624,-0.5223518013954163,0,-0.03445357829332352,0.5213891863822937,0.852622926235199,0,0.0009330000029876828,0.02841700054705143,0,1,0.9796158671379089,0.1949293613433838,-0.04852830991148949,0,-0.19429965317249298,0.8581421971321106,-0.47522586584091187,0,-0.05099131166934967,0.4749681353569031,0.8785249590873718,0,-0.0010130000300705433,0.020188000053167343,0,1,-0.8411588668823242,-0.02830377034842968,0.5400470495223999,0,0.25542008876800537,-0.9010170698165894,0.35061147809028625,0,0.4766680598258972,0.4328588843345642,0.7651280760765076,0,0.09607099741697311,-0.0574829988181591,-0.015581999905407429,1,0.9815369248390198,-0.1702699363231659,-0.08713731914758682,0,-0.01988891139626503,0.3622428774833679,-0.9318714737892151,0,0.19023458659648895,0.916399359703064,0.3521682918071747,0,0,0.43394801020622253,0,1,0.8536555767059326,0.2807517349720001,0.43869227170944214,0,-0.5208372473716736,0.4585880935192108,0.720017671585083,0,0.000967186177149415,-0.8431347012519836,0.5377024412155151,0,0,0.39697301387786865,0,1,0.9787339568138123,-0.06245407834649086,0.19539305567741394,0,-0.09523806720972061,0.7052941918373108,0.7024878263473511,0,-0.18168294429779053,-0.7061581015586853,0.6843478679656982,0,0,0.1716659963130951,0,1,-0.9995120763778687,-0.021058114245533943,-0.023076998069882393,0,0.014090392738580704,-0.9631479978561401,0.26860350370407104,0,-0.027882857248187065,0.268147349357605,0.9629749655723572,0,-0.09607099741697311,-0.0574829988181591,-0.006434000097215176,1,0.9895589351654053,-0.12688599526882172,0.06835327297449112,0,0.13278405368328094,0.6182249188423157,-0.7747040390968323,0,0.056041426956653595,0.7756920456886292,0.6286188960075378,0,0,0.43394899368286133,0,1,0.8974210023880005,0.12034319341182709,-0.4244450032711029,0,0.4005754292011261,0.18087010085582733,0.8982348442077637,0,0.18486586213111877,-0.9761170148849487,0.11411008983850479,0,0,0.3969770073890686,0,1,0.9731810092926025,0.06411401182413101,-0.22092792391777039,0,0.1067340224981308,0.7249041795730591,0.6805298924446106,0,0.2037830650806427,-0.685859203338623,0.6986197829246521,0,0,0.1835460066795349,0,1
K0.100,0.8366929888725281,0.08410662412643433,0.5411750674247742,0,0.0299956277012825,0.9796169400215149,-0.1986222267150879,0,-0.5468499660491943,0.18241876363754272,0.8171161413192749,0,-0.01662200130522251,0.9203810095787048,0.006567000411450863,1,0.9949530363082886,0.03972515091300011,0.09214089065790176,0,-0.060205843299627304,0.9709720611572266,0.23149298131465912,0,-0.08027011156082153,-0.23587198555469513,0.9684629440307617,0,0,0.10523500293493271,-0.00008199999865610152,1,0.9991410374641418,0.0010627952869981527,0.04143407195806503,0,-0.002586198737844825,0.9993219971656799,0.036730699241161346,0,-0.041366927325725555,-0.036806292831897736,0.9984659552574158,0,0,0.12277500331401825,0,1,0.9991220235824585,0.0017564232693985105,0.04185296595096588,0,-0.0032695711124688387,0.9993420243263245,0.03611291944980621,0,-0.04176202788949013,-0.036218076944351196,0.9984710216522217,0,0,0.1403139978647232,0,1,0.967392086982727,-0.017181770876049995,-0.25269991159439087,0,0.0776372104883194,0.9697858691215515,0.23127423226833344,0,0.24109108746051788,-0.2433517575263977,0.9394969940185547,0,0,0.15785300731658936,0,1,0.9821739196777344,0.12083427608013153,-0.1439930498600006,0,-0.07241170853376389,0.95011305809021,0.3033849895000458,0,0.17346897721290588,-0.28755003213882446,0.9419260025024414,0,0,0.10246600210666656,0.00005500000042957254,1,0.19817396998405457,-0.00269790249876678,-0.9801629185676575,0,0.6294218301773071,-0.7662191390991211,0.12936845421791077,0,-0.7513686418533325,-0.642573356628418,-0.1501464694738388,0,0.06731700152158737,0.13328400254249573,0.0011690000537782907,1,-0.4400247037410736,-0.6050860285758972,-0.6635131239891052,0,-0.631193995475769,0.7339740991592407,-0.2507507801055908,0,0.6387268900871277,0.3084687888622284,-0.7048929929733276,0,0,0.15568800270557404,0,1,0.24568021297454834,-0.7658089995384216,-0.5942868590354919,0,0.8385019302368164,0.4755028486251831,-0.2661021649837494,0,0.4863690733909607,-0.4329351782798767,0.7589548826217651,0,0,0.16660399734973907,0,1,-0.7296202778816223,0.16547952592372894,0.6635288000106812,0,-0.1449355036020279,0.910819947719574,-0.3865242004394531,0,-0.6683171987533569,-0.37818482518196106,-0.6405689120292664,0,0,0.28111401200294495,0,1,0.8471019268035889,-0.5251620411872864,0.0813789889216423,0,0.5270089507102966,0.8104360699653625,-0.25583985447883606,0,0.06840499490499496,0.2596101462841034,0.9632880091667175,0,-0.020045999437570572,0.047380998730659485,0,1,0.9150398969650269,0.2180483490228653,-0.33934706449508667,0,-0.2509826421737671,0.9663810729980469,-0.05581696331501007,0,0.31576794385910034,0.1362450271844864,0.9390040636062622,0,-0.004360000137239695,0.040925998240709305,0,1,0.9998009204864502,-0.011694067157804966,-0.016165757551789284,0,0.013474931940436363,0.9932910203933716,0.1148500144481659,0,0.014714240096509457,-0.1150449886918068,0.9932509660720825,0,0.0010100000072270632,0.02512899972498417,0,1,0.9740810394287109,-0.19598513841629028,0.11294571310281754,0,0.22540485858917236,0.799136757850647,-0.5572912096977234,0,0.0189617108553648,0.5683047771453857,0.8225991725921631,0,0,0.07714200019836426,0.0002579999854788184,1,0.9488639235496521,-0.27142342925071716,0.16120292246341705,0,0.28153663873672485,0.49657300114631653,-0.8210671544075012,0,0.14280790090560913,0.8244659304618835,0.5475960969924927,0,-0.00039500001003034413,0.031268998980522156,0,1,0.9949949979782104,-0.09879482537508011,0.01499995868653059,0,0.09680917859077454,0.9158229827880859,-0.38973990082740784,0,0.024766961112618446,0.38924115896224976,0.9208030104637146,0,-0.00022499999613501132,0.019347000867128372,0,1,0.07157601416110992,-0.017431996762752533,0.9972829222679138,0,-0.6529229283332825,-0.756676971912384,0.03363460674881935,0,0.7540347576141357,-0.6535562872886658,-0.06554164737462997,0,-0.06731700152158737,0.1332859992980957,-0.0012080000014975667,1,-0.44244083762168884,0.8933179974555969,-0.07893016189336777,0,0.865527868270874,0.44839516282081604,0.2231670618057251,0,0.23475083708763123,0.030421940609812737,-0.9715790152549744,0,0,0.15568800270557404,0,1,-0.26350951194763184,0.8593321442604065,0.43830475211143494,0,-0.9435428977012634,-0.13505800068378448,-0.3024672865867615,0,-0.20072324573993683,-0.49326229095458984,0.8464058041572571,0,0,0.16714300215244293,0,1,0.470668762922287,-0.5715262293815613,-0.6721830368041992,0,0.5549277663230896,0.78404700756073,-0.27807340025901794,0,0.6859490275382996,-0.24213241040706635,0.6861819624900818,0,0,0.2851470112800598,0,1,0.7829921245574951,0.5977109670639038,-0.17223472893238068,0,-0.6032230854034424,0.6620538830757141,-0.44475406408309937,0,-0.15180571377277374,0.4521349370479584,0.8789360523223877,0,0.02057100087404251,0.04828900098800659,0,1,0.8084380030632019,-0.47350507974624634,0.3496018350124359,0,0.48228394985198975,0.8733971118927002,0.06768066436052322,0,-0.33738821744918823,0.11389166116714478,0.9344509840011597,0,0.00367900007404387,0.04182799905538559,0,1,0.21708784997463226,-0.9755290150642395,-0.03486599400639534,0,0.9710959196090698,0.21219520270824432,0.10929179936647415,0,-0.09921899437904358,-0.05758419260382652,0.9933979511260986,0,0.0015689999563619494,0.0257789995521307,0,1,0.9879100322723389,0.13735872507095337,-0.07187268137931824,0,-0.14818726480007172,0.9728919863700867,-0.17754289507865906,0,0.0455373078584671,0.18604709208011627,0.9814849495887756,0,0,0.0856660008430481,0.00028300000121816993,1,0.9960359930992126,0.08791689574718475,-0.01351410523056984,0,-0.08200611174106598,0.8487778902053833,-0.5223521590232849,0,-0.03445310518145561,0.5213897824287415,0.8526230454444885,0,0.0009330000029876828,0.02841700054705143,0,1,0.9796160459518433,0.1949300616979599,-0.048527855426073074,0,-0.19429995119571686,0.858142077922821,-0.47522491216659546,0,-0.05099185183644295,0.4749670922756195,0.8785249590873718,0,-0.0010130000300705433,0.020188000053167343,0,1,-0.8450579047203064,-0.030836276710033417,0.5337851643562317,0,0.2657487094402313,-0.8905141353607178,0.369273841381073,0,0.463955819606781,0.45391011238098145,0.7607300877571106,0,0.09607099741697311,-0.0574829988181591,-0.015581999905407429,1,0.981793999671936,-0.1598769724369049,-0.10256676375865936,0,-0.01164997648447752,0.48827114701271057,-0.8726139664649963,0,0.18959122896194458,0.8579218983650208,0.47751906514167786,0,0,0.43394801020622253,0,1,0.8746761083602905,0.22347822785377502,0.4301147162914276,0,-0.4836767315864563,0.4602543115615845,0.744460940361023,0,-0.031591322273015976,-0.8591989874839783,0.5106648206710815,0,0,0.39697301387786865,0,1,0.9794790744781494,-0.05961407348513603,0.19252663850784302,0,-0.094027079641819,0.7097651958465576,0.6981348395347595,0,-0.17826732993125916,-0.7019110918045044,0.6895948052406311,0,0,0.1716659963130951,0,1,-0.9994609355926514,0.004950731061398983,-0.03245700150728226,0,-0.012083308771252632,-0.9746468663215637,0.2234211266040802,0,-0.030528007075190544,0.22369281947612762,0.974181056022644,0,-0.09607099741697311,-0.0574829988181591,-0.006434000097215176,1,0.989986002445221,-0.12124471366405487,0.07229506969451904,0,0.1329672634601593,0.6289748549461365,-0.7659700512886047,0,0.04739805683493614,0.7679128646850586,0.638798177242279,0,0,0.43394899368286133,0,1,0.8973739743232727,0.14262942969799042,-0.4175838232040405,0,0.3935973644256592,0.16912129521369934,0.9035926461219788,0,0.19950109720230103,-0.9752199649810791,0.09562644362449646,0,0,0.3969770073890686,0,1,0.9729769825935364,0.0648278146982193,-0.22161291539669037,0,0.10705682635307312,0.7237240076065063,0.6817349195480347,0,0.2045820951461792,-0.687038004398346,0.6972270011901855,0,0,0.1835460066795349,0,1
