2.867,30,86,41
B0,mixamorig_Hips,-1,0.8427649736404419,0.06932900100946426,0.5337989926338196,0,0.03243499994277954,0.9833279848098755,-0.17892199754714966,0,-0.5373039841651917,0.16810299456119537,0.8264660239219666,0,-0.005187000147998333,0.9075449705123901,0.005309999920427799,1
B1,mixamorig_Spine,0,0.9927819967269897,0.06789600104093552,0.09885899722576141,0,-0.08881200104951859,0.9701690077781677,0.22557500004768372,0,-0.080594003200531,-0.23272700607776642,0.9691969752311707,0,0,0.10523500293493271,-0.00008199999865610152,1
B2,mixamorig_Spine1,1,0.9990599751472473,0.012949000112712383,0.041359998285770416,0,-0.014391000382602215,0.9992920160293579,0.03476300090551376,0,-0.04088100045919418,-0.035326000303030014,0.9985389709472656,0,0,0.12277500331401825,0,1
B3,mixamorig_Spine2,2,0.9990530014038086,0.013667000457644463,0.041297998279333115,0,-0.015097999945282936,0.9992889761924744,0.03454799950122833,0,-0.04079600051045418,-0.03513899818062782,0.9985489845275879,0,0,0.1403139978647232,0,1
B4,mixamorig_Neck,3,0.9666460156440735,-0.05681600049138069,-0.2497349977493286,0,0.1092739999294281,0.9733700156211853,0.20151999592781067,0,0.23163500428199768,-0.22208799421787262,0.9471120238304138,0,0,0.15785300731658936,0,1
B5,mixamorig_Head,4,0.9821739792823792,0.12083400040864944,-0.14399300515651703,0,-0.07241199910640717,0.9501129984855652,0.3033849895000458,0,0.17346900701522827,-0.2875500023365021,0.9419260025024414,0,0,0.10246600210666656,0.00005500000042957254,1
B6,mixamorig_HeadTop_End,5,1,0,0,0,0,1,0,0,0,0,1,0,0,0.21866999566555023,0.00011700000322889537,1
B7,mixamorig_LeftShoulder,3,0.2161879986524582,-0.003990999888628721,-0.9763439893722534,0,0.6193299889564514,-0.7724949717521667,0.14029300212860107,0,-0.7547799944877625,-0.6350079774856567,-0.16453200578689575,0,0.06731700152158737,0.13328400254249573,0.0011690000537782907,1
B8,mixamorig_LeftArm,7,-0.4761140048503876,-0.5534520149230957,-0.6833779811859131,0,-0.5921149849891663,0.7763130068778992,-0.2161879986524582,0,0.6501650214195251,0.30170899629592896,-0.6973209977149963,0,0,0.15568800270557404,0,1
B9,mixamorig_LeftForeArm,8,0.11372599750757217,-0.8257780075073242,-0.5524110198020935,0,0.9041630029678345,0.31647199392318726,-0.2869400084018707,0,0.4117709994316101,-0.46683698892593384,0.7826290130615234,0,0,0.16660399734973907,0,1
B10,mixamorig_LeftHand,9,-0.7472540140151978,0.10168500244617462,0.656711995601654,0,-0.24718600511550903,0.8747829794883728,-0.4167180061340332,0,-0.6168550252914429,-0.47372499108314514,-0.6285499930381775,0,0,0.28111401200294495,0,1
B11,mixamorig_LeftHandThumb1,10,0.8470939993858337,-0.5251950025558472,0.0812549963593483,0,0.5270079970359802,0.8104329705238342,-0.25585299730300903,0,0.06852199882268906,0.259553998708725,0.9632949829101562,0,-0.020045999437570572,0.047380998730659485,0,1
B12,mixamorig_LeftHandThumb2,11,0.9150400161743164,0.21804800629615784,-0.3393479883670807,0,-0.25098299980163574,0.9663810133934021,-0.055817000567913055,0,0.3157680034637451,0.136244997382164,0.9390040040016174,0,-0.004360000137239695,0.040925998240709305,0,1
B13,mixamorig_LeftHandThumb3,12,0.999800980091095,-0.01169500034302473,-0.016164999455213547,0,0.013476000167429447,0.993291974067688,0.11484900116920471,0,0.014713999815285206,-0.1150439977645874,0.9932510256767273,0,0.0010100000072270632,0.02512899972498417,0,1
B14,mixamorig_LeftHandThumb4,13,1,0,0,0,0,1,0,0,0,0,1,0,0.0033499998971819878,0.018556000664830208,0,1
B15,mixamorig_LeftHandIndex1,10,0.9740809798240662,-0.19598500430583954,0.11294499784708023,0,0.22540399432182312,0.7991369962692261,-0.5572909712791443,0,0.01896199956536293,0.5683050155639648,0.8225989937782288,0,0,0.07714200019836426,0.0002579999854788184,1
B16,mixamorig_LeftHandIndex2,15,0.9488649964332581,-0.27142098546028137,0.16119900345802307,0,0.28153499960899353,0.49658501148223877,-0.8210610151290894,0,0.14280399680137634,0.8244590163230896,0.5476070046424866,0,-0.00039500001003034413,0.031268998980522156,0,1
B17,mixamorig_LeftHandIndex3,16,0.9949949979782104,-0.09879499673843384,0.01499900035560131,0,0.09680899977684021,0.9158229827880859,-0.389739990234375,0,0.02476700022816658,0.3892410099506378,0.9208030104637146,0,-0.00022499999613501132,0.019347000867128372,0,1
B18,mixamorig_LeftHandIndex4,17,1,0,0,0,0,1,0,0,0,0,1,0,0.0006200000061653554,0.023427000269293785,0,1
B19,mixamorig_RightShoulder,3,0.0772320032119751,-0.017322000116109848,0.9968630075454712,0,-0.6471030116081238,-0.7615090012550354,0.03690199926495552,0,0.7584810256958008,-0.6479229927062988,-0.07002100348472595,0,-0.06731700152158737,0.1332859992980957,-0.0012080000014975667,1
B20,mixamorig_RightArm,19,-0.487623006105423,0.8704800009727478,-0.0669960007071495,0,0.8555139899253845,0.4917219877243042,0.16219200193881989,0,0.17412899434566498,0.021772999316453934,-0.9844819903373718,0,0,0.15568800270557404,0,1
B21,mixamorig_RightForeArm,20,-0.3650299906730652,0.8379210233688354,0.4057610034942627,0,-0.9200329780578613,-0.2579819858074188,-0.29493099451065063,0,-0.1424500048160553,-0.4809730052947998,0.865086019039154,0,0,0.16714300215244293,0,1
B22,mixamorig_RightHand,21,0.42650800943374634,-0.6452010273933411,-0.6338819861412048,0,0.5770609974861145,0.7337660193443298,-0.3585920035839081,0,0.6964849829673767,-0.21284599602222443,0.685276985168457,0,0,0.2851470112800598,0,1
B23,mixamorig_RightHandThumb1,22,0.7829920053482056,0.5977110266685486,-0.17223399877548218,0,-0.6032230257987976,0.6620540022850037,-0.4447540044784546,0,-0.15180599689483643,0.45213499665260315,0.8789359927177429,0,0.02057100087404251,0.04828900098800659,0,1
B24,mixamorig_RightHandThumb2,23,0.8084380030632019,-0.4735049903392792,0.34960201382637024,0,0.4822840094566345,0.8733969926834106,0.06768099963665009,0,-0.3373880088329315,0.11389199644327164,0.9344509840011597,0,0.00367900007404387,0.04182799905538559,0,1
B25,mixamorig_RightHandThumb3,24,0.2170879989862442,-0.9755290150642395,-0.03486499935388565,0,0.9710959792137146,0.2121949940919876,0.10929200053215027,0,-0.09921900182962418,-0.057583998888731,0.9933980107307434,0,0.0015689999563619494,0.0257789995521307,0,1
B26,mixamorig_RightHandThumb4,25,1,0,0,0,0,1,0,0,0,0,1,0,-0.005247999913990498,0.01868399977684021,0,1
B27,mixamorig_RightHandIndex1,22,0.9879099726676941,0.13735899329185486,-0.0718730017542839,0,-0.14818699657917023,0.9728919863700867,-0.17754299938678741,0,0.04553699865937233,0.1860470026731491,0.9814850091934204,0,0,0.0856660008430481,0.00028300000121816993,1
B28,mixamorig_RightHandIndex2,27,0.9960359930992126,0.08791700005531311,-0.013513999991118908,0,-0.08200599998235703,0.8487780094146729,-0.5223519802093506,0,-0.03445399925112724,0.5213890075683594,0.8526229858398438,0,0.0009330000029876828,0.02841700054705143,0,1
B29,mixamorig_RightHandIndex3,28,0.9796159863471985,0.19492900371551514,-0.048528000712394714,0,-0.19429899752140045,0.8581420183181763,-0.4752250015735626,0,-0.0509909987449646,0.47496700286865234,0.8785250186920166,0,-0.0010130000300705433,0.020188000053167343,0,1
B30,mixamorig_RightHandIndex4,29,1,0,0,0,0,1,0,0,0,0,1,0,0.00007999999797903001,0.02274099923670292,0,1
B31,mixamorig_LeftUpLeg,0,-0.8363839983940125,-0.02492300048470497,0.5475760102272034,0,0.2035840004682541,-0.9416339993476868,0.2681010067462921,0,0.5089349746704102,0.3357129991054535,0.7926419973373413,0,0.09607099741697311,-0.0574829988181591,-0.015581999905407429,1
B32,mixamorig_LeftLeg,31,0.9810900092124939,-0.18248699605464935,-0.06450700014829636,0,-0.028940999880433083,0.19122399389743805,-0.9811199903488159,0,0.19137699902057648,0.9644330143928528,0.182327002286911,0,0,0.43394801020622253,0,1
B33,mixamorig_LeftFoot,32,0.7735170125961304,0.39594700932502747,0.49487099051475525,0,-0.6336740255355835,0.4691680073738098,0.6150929927825928,0,0.011366999708116055,-0.7893720269203186,0.6138100028038025,0,0,0.39697301387786865,0,1
B34,mixamorig_LeftToeBase,33,0.9781669974327087,-0.06459499895572662,0.19752700626850128,0,-0.09615900367498398,0.7019270062446594,0.7057279944419861,0,-0.18423600494861603,-0.7093139886856079,0.6803900003433228,0,0,0.1716659963130951,0,1
B35,mixamorig_LeftToe_End,34,1,0,0,0,0,1,0,0,0,0,1,0,0,0.06791199743747711,0,1
B36,mixamorig_RightUpLeg,0,-0.997527003288269,-0.07018499821424484,0.0036039999686181545,0,0.06693100184202194,-0.9331349730491638,0.3532409965991974,0,-0.02143000066280365,0.3526090085506439,0.9355250000953674,0,-0.09607099741697311,-0.0574829988181591,-0.006434000097215176,1
B37,mixamorig_RightLeg,36,0.9887030124664307,-0.13910000026226044,0.05583399906754494,0,0.13052700459957123,0.6159089803695679,-0.7769290208816528,0,0.073683001101017,0.775439977645874,0.6271079778671265,0,0,0.43394899368286133,0,1
B38,mixamorig_RightFoot,37,0.8967390060424805,0.07409399747848511,-0.4363130033016205,0,0.40959298610687256,0.2344290018081665,0.8816329836845398,0,0.16760799288749695,-0.9693049788475037,0.1798740029335022,0,0,0.3969770073890686,0,1
B39,mixamorig_RightToeBase,38,0.9729899764060974,0.06478500366210938,-0.22157199680805206,0,0.1070370003581047,0.7237949967384338,0.6816620230674744,0,0.20453399419784546,-0.6869670152664185,0.6973109841346741,0,0,0.1835460066795349,0,1
B40,mixamorig_RightToe_End,39,1,0,0,0,0,1,0,0,0,0,1,0,0,0.07267499715089798,0,1
@34,0,1,2,3,4,5,7,8,9,10,11,12,13,15,16,17,19,20,21,22,23,24,25,27,28,29,31,32,33,34,36,37,38,39
K0,0.8427650332450867,0.06932906806468964,0.5337989330291748,0,0.03243506699800491,0.9833279848098755,-0.17892196774482727,0,-0.5373040437698364,0.16810302436351776,0.8264659643173218,0,-0.005187000147998333,0.9075449705123901,0.005309999920427799,1,0.9927819967269897,0.06789613515138626,0.09885884076356888,0,-0.08881185948848724,0.970168948173523,0.22557508945465088,0,-0.08059415966272354,-0.23272690176963806,0.9691969752311707,0,0,0.10523500293493271,-0.00008199999865610152,1,0.9990599751472473,0.01294891256839037,0.04136021435260773,0,-0.014391086995601654,0.9992919564247131,0.03476323187351227,0,-0.04088078439235687,-0.035325776785612106,0.9985389709472656,0,0,0.12277500331401825,0,1,0.9990530014038086,0.013666830025613308,0.04129775986075401,0,-0.01509817037731409,0.9992889761924744,0.03454809635877609,0,-0.04079623520374298,-0.03513890132308006,0.9985489845275879,0,0,0.1403139978647232,0,1,0.9666460752487183,-0.05681583285331726,-0.24973507225513458,0,0.10927416384220123,0.9733699560165405,0.20152002573013306,0,0.2316349297761917,-0.22208796441555023,0.9471120238304138,0,0,0.15785300731658936,0,1,0.9821739196777344,0.12083427608013153,-0.1439930498600006,0,-0.07241170853376389,0.95011305809021,0.3033849895000458,0,0.17346897721290588,-0.28755003213882446,0.9419260025024414,0,0,0.10246600210666656,0.00005500000042957254,1,0.2161877155303955,-0.003990770783275366,-0.9763439893722534,0,0.6193297505378723,-0.7724950313568115,0.14029307663440704,0,-0.7547799944877625,-0.635007917881012,-0.16453205049037933,0,0.06731700152158737,0.13328400254249573,0.0011690000537782907,1,-0.4761139452457428,-0.5534520149230957,-0.6833779811859131,0,-0.5921149849891663,0.776313066482544,-0.21618758141994476,0,0.6501650810241699,0.3017085790634155,-0.6973211169242859,0,0,0.15568800270557404,0,1,0.11372602730989456,-0.8257781863212585,-0.5524109601974487,0,0.904163122177124,0.31647196412086487,-0.2869398891925812,0,0.41177117824554443,-0.4668368995189667,0.7826289534568787,0,0,0.16660399734973907,0,1,-0.7472540140151978,0.10168545693159103,0.656711995601654,0,-0.24718645215034485,0.8747828006744385,-0.416718065738678,0,-0.6168549060821533,-0.4737248718738556,-0.628550112247467,0,0,0.28111401200294495,0,1,0.8470938205718994,-0.5251953601837158,0.08125460147857666,0,0.5270076394081116,0.810433030128479,-0.2558533549308777,0,0.06852158904075623,0.2595536708831787,0.9632951021194458,0,-0.020045999437570572,0.047380998730659485,0,1,0.9150400757789612,0.21804837882518768,-0.33934763073921204,0,-0.2509826421737671,0.9663811326026917,-0.05581691861152649,0,0.31576842069625854,0.13624508678913116,0.9390038847923279,0,-0.004360000137239695,0.040925998240709305,0,1,0.9998009204864502,-0.01169509906321764,-0.01616531051695347,0,0.013475902378559113,0.9932920336723328,0.11484906077384949,0,0.014713688753545284,-0.11504394561052322,0.9932510256767273,0,0.0010100000072270632,0.02512899972498417,0,1,0.9740810394287109,-0.19598481059074402,0.112945057451725,0,0.22540421783924103,0.7991368174552917,-0.5572912693023682,0,0.018962055444717407,0.5683047771453857,0.8225992321968079,0,0,0.07714200019836426,0.0002579999854788184,1,0.9488648176193237,-0.2714213728904724,0.16119928658008575,0,0.2815346121788025,0.49658530950546265,-0.8210608959197998,0,0.14280426502227783,0.8244590163230896,0.547606885433197,0,-0.00039500001003034413,0.031268998980522156,0,1,0.9949949979782104,-0.09879492223262787,0.014999458566308022,0,0.09680908173322678,0.9158229827880859,-0.3897399306297302,0,0.02476746216416359,0.38924115896224976,0.9208030104637146,0,-0.00022499999613501132,0.019347000867128372,0,1,0.07723142206668854,-0.017321787774562836,0.996863067150116,0,-0.6471031308174133,-0.7615088820457458,0.036901749670505524,0,0.7584809064865112,-0.6479231715202332,-0.0700213834643364,0,-0.06731700152158737,0.1332859992980957,-0.0012080000014975667,1,-0.4876227080821991,0.8704800605773926,-0.06699623912572861,0,0.855513870716095,0.49172207713127136,0.1621924787759781,0,0.17412875592708588,0.021772516891360283,-0.9844820499420166,0,0,0.15568800270557404,0,1,-0.36503034830093384,0.8379205465316772,0.40576139092445374,0,-0.9200329780578613,-0.2579819858074188,-0.2949307858943939,0,-0.1424495130777359,-0.4809727966785431,0.8650862574577332,0,0,0.16714300215244293,0,1,0.42650797963142395,-0.6452009081840515,-0.6338821053504944,0,0.577061116695404,0.7337658405303955,-0.3585922122001648,0,0.6964848041534424,-0.21284618973731995,0.6852771043777466,0,0,0.2851470112800598,0,1,0.7829919457435608,0.5977110862731934,-0.17223422229290009,0,-0.6032230257987976,0.6620538234710693,-0.4447542428970337,0,-0.15180622041225433,0.45213475823402405,0.8789360523223877,0,0.02057100087404251,0.04828900098800659,0,1,0.8084380030632019,-0.47350507974624634,0.3496018350124359,0,0.48228394985198975,0.8733971118927002,0.06768066436052322,0,-0.33738821744918823,0.11389166116714478,0.9344509840011597,0,0.00367900007404387,0.04182799905538559,0,1,0.21708783507347107,-0.9755290746688843,-0.034865494817495346,0,0.9710959196090698,0.21219520270824432,0.10929220169782639,0,-0.09921949356794357,-0.05758379399776459,0.9933979511260986,0,0.0015689999563619494,0.0257789995521307,0,1,0.9879100322723389,0.13735872507095337,-0.07187268137931824,0,-0.14818726480007172,0.9728919863700867,-0.17754289507865906,0,0.0455373078584671,0.18604709208011627,0.9814849495887756,0,0,0.0856660008430481,0.00028300000121816993,1,0.9960359930992126,0.08791704475879669,-0.013513579964637756,0,-0.08200597018003464,0.8487781286239624,-0.5223518013954163,0,-0.03445357829332352,0.5213891863822937,0.852622926235199,0,0.0009330000029876828,0.02841700054705143,0,1,0.9796159863471985,0.19492892920970917,-0.04852810129523277,0,-0.19429907202720642,0.858142077922821,-0.4752248525619507,0,-0.05099109932780266,0.47496721148490906,0.8785249590873718,0,-0.0010130000300705433,0.020188000053167343,0,1,-0.8363839387893677,-0.024923212826251984,0.5475761890411377,0,0.20358379185199738,-0.9416341185569763,0.26810088753700256,0,0.5089347958564758,0.33571314811706543,0.7926420569419861,0,0.09607099741697311,-0.0574829988181591,-0.015581999905407429,1,0.9810900092124939,-0.18248677253723145,-0.06450734287500381,0,-0.028940798714756966,0.19122439622879028,-0.9811199307441711,0,0.19137662649154663,0.9644330143928528,0.18232686817646027,0,0,0.43394801020622253,0,1,0.7735169529914856,0.395947128534317,0.49487096071243286,0,-0.6336738467216492,0.4691677391529083,0.6150932908058167,0,0.011366963386535645,-0.7893717288970947,0.6138104200363159,0,0,0.39697301387786865,0,1,0.978166937828064,-0.06459491699934006,0.19752703607082367,0,-0.09615892171859741,0.7019268274307251,0.7057281136512756,0,-0.18423596024513245,-0.7093138694763184,0.6803901791572571,0,0,0.1716659963130951,0,1,-0.9975268840789795,-0.07018523663282394,0.00360363838262856,0,0.06693076342344284,-0.9331348538398743,0.3532411456108093,0,-0.0214296393096447,0.352608859539032,0.9355250597000122,0,-0.09607099741697311,-0.0574829988181591,-0.006434000097215176,1,0.9887029528617859,-0.13910041749477386,0.055833689868450165,0,0.1305265873670578,0.6159091591835022,-0.7769289016723633,0,0.07368269562721252,0.7754400968551636,0.6271078586578369,0,0,0.43394899368286133,0,1,0.8967390656471252,0.07409393787384033,-0.43631282448768616,0,0.4095928966999054,0.23442932963371277,0.8816328644752502,0,0.1676081418991089,-0.9693050384521484,0.17987355589866638,0,0,0.3969770073890686,0,1,0.9729900360107422,0.06478507071733475,-0.22157183289527893,0,0.10703707486391068,0.7237949967384338,0.6816620826721191,0,0.2045341432094574,-0.6869669556617737,0.6973110437393188,0,0,0.1835460066795349,0,1
K0.033,0.8430690169334412,0.06843185424804688,0.5334338545799255,0,0.03309587389230728,0.9833899140357971,-0.17846129834651947,0,-0.5367860794067383,0.1681096851825714,0.8268010020256042,0,-0.007991025224328041,0.9112709760665894,0.03743230924010277,1,0.9926589727401733,0.06929422169923782,0.0991266667842865,0,-0.09017680585384369,0.9702220559120178,0.2248035967350006,0,-0.08059733361005783,-0.23209233582019806,0.9693488478660583,0,0,0.10523500293493271,-0.00008199999865610152,1,0.9990730881690979,0.013248665258288383,0.04096001386642456,0,-0.014724352397024632,0.9992460012435913,0.03593815490603447,0,-0.04045296460390091,-0.03650791943073273,0.9985139966011047,0,0,0.12277500331401825,0,1,0.9990710020065308,0.01381665002554655,0.04082827642560005,0,-0.015279360115528107,0.9992449879646301,0.03573373332619667,0,-0.04030369594693184,-0.036324337124824524,0.9985269904136658,0,0,0.1403139978647232,0,1,0.9666619896888733,-0.05706975981593132,-0.24961400032043457,0,0.10915124416351318,0.9736790060997009,0.20008784532546997,0,0.2316250056028366,-0.22066304087638855,0.9474479556083679,0,0,0.15785300731658936,0,1,0.981916069984436,0.12780213356018066,-0.1396709829568863,0,-0.0811290517449379,0.9506400227546692,0.2995031774044037,0,0.1710539609193802,-0.28275561332702637,0.943817138671875,0,0,0.10246600210666656,0.00005500000042957254,1,0.2176123559474945,-0.003168783849105239,-0.9760298728942871,0,0.638206958770752,-0.7561348676681519,0.14474733173847198,0,-0.7384690046310425,-0.6544079184532166,-0.16252189874649048,0,0.06731700152158737,0.13328400254249573,0.0011690000537782907,1,-0.4750881791114807,-0.5517786741256714,-0.6854419708251953,0,-0.5886811017990112,0.7782778739929199,-0.2184891551733017,0,0.654022216796875,0.29970526695251465,-0.6945725679397583,0,0,0.15568800270557404,0,1,0.13892731070518494,-0.8164808750152588,-0.5604080557823181,0,0.8939840197563171,0.3468444049358368,-0.28370943665504456,0,0.4260183274745941,-0.4615814983844757,0.7781081795692444,0,0,0.16660399734973907,0,1,-0.7610829472541809,0.10342312604188919,0.6403561234474182,0,-0.22160972654819489,0.8863471746444702,-0.4065427780151367,0,-0.6096238493919373,-0.4513219892978668,-0.6516642570495605,0,0,0.28111401200294495,0,1,0.8470938801765442,-0.525195300579071,0.0812547355890274,0,0.5270076990127563,0.8104332089424133,-0.25585389137268066,0,0.06852172315120697,0.2595541477203369,0.9632949233055115,0,-0.020045999437570572,0.047380998730659485,0,1,0.9150400757789612,0.21804837882518768,-0.33934763073921204,0,-0.2509826421737671,0.9663811326026917,-0.05581691861152649,0,0.31576842069625854,0.13624508678913116,0.9390038847923279,0,-0.004360000137239695,0.040925998240709305,0,1,0.9998009204864502,-0.011695096269249916,-0.016165316104888916,0,0.013475903309881687,0.9932910203933716,0.1148499995470047,0,0.014713683165609837,-0.1150449886918068,0.9932510256767273,0,0.0010100000072270632,0.02512899972498417,0,1,0.9740810394287109,-0.19598481059074402,0.112945057451725,0,0.22540421783924103,0.7991368174552917,-0.5572912693023682,0,0.018962055444717407,0.5683047771453857,0.8225992321968079,0,0,0.07714200019836426,0.0002579999854788184,1,0.9488648772239685,-0.2714219093322754,0.16119958460330963,0,0.2815350890159607,0.49658507108688354,-0.8210608959197998,0,0.1428045779466629,0.8244590163230896,0.5476068258285522,0,-0.00039500001003034413,0.031268998980522156,0,1,0.9949949979782104,-0.0987948626279831,0.014999976381659508,0,0.09680913388729095,0.9158222079277039,-0.3897397220134735,0,0.02476697973906994,0.3892413079738617,0.9208029508590698,0,-0.00022499999613501132,0.019347000867128372,0,1,0.07727111130952835,-0.01711101457476616,0.9968631267547607,0,-0.6502638459205627,-0.7587882876396179,0.03738026320934296,0,0.7557685375213623,-0.6511126160621643,-0.06975918263196945,0,-0.06731700152158737,0.1332859992980957,-0.0012080000014975667,1,-0.4641970098018646,0.8835520148277283,-0.062111709266901016,0,0.8666291832923889,0.4675525724887848,0.1742081195116043,0,0.1829623281955719,0.0270390547811985,-0.9827479124069214,0,0,0.15568800270557404,0,1,-0.33897778391838074,0.8447508215904236,0.414113312959671,0,-0.9275329113006592,-0.22643674910068512,-0.2973351776599884,0,-0.15740376710891724,-0.48489412665367126,0.8602918982505798,0,0,0.16714300215244293,0,1,0.4297329783439636,-0.641465961933136,-0.6354920864105225,0,0.5765440464019775,0.7365759611129761,-0.3536289930343628,0,0.6949288249015808,-0.2144230753183365,0.6863641142845154,0,0,0.2851470112800598,0,1,0.7829920053482056,0.5977110266685486,-0.1722341924905777,0,-0.6032230257987976,0.6620540022850037,-0.4447540044784546,0,-0.15180619060993195,0.45213499665260315,0.8789370059967041,0,0.02057100087404251,0.04828900098800659,0,1,0.808438241481781,-0.47350481152534485,0.349601686000824,0,0.48228320479393005,0.8733968734741211,0.06768105924129486,0,-0.3373883366584778,0.11389106512069702,0.9344508647918701,0,0.00367900007404387,0.04182799905538559,0,1,0.21935659646987915,-0.9751421213150024,-0.03130272775888443,0,0.9703680276870728,0.21472544968128204,0.11081402748823166,0,-0.10133792459964752,-0.054682955145835876,0.9933480024337769,0,0.0015689999563619494,0.0257789995521307,0,1,0.9879100322723389,0.13735872507095337,-0.07187268137931824,0,-0.14818726480007172,0.9728919863700867,-0.17754289507865906,0,0.0455373078584671,0.18604709208011627,0.9814849495887756,0,0,0.0856660008430481,0.00028300000121816993,1,0.9960359930992126,0.08791689574718475,-0.01351410523056984,0,-0.08200611174106598,0.8487778902053833,-0.5223521590232849,0,-0.03445310518145561,0.5213897824287415,0.8526230454444885,0,0.0009330000029876828,0.02841700054705143,0,1,0.9796160459518433,0.1949300616979599,-0.048527855426073074,0,-0.19429995119571686,0.858142077922821,-0.47522491216659546,0,-0.05099185183644295,0.4749670922756195,0.8785249590873718,0,-0.0010130000300705433,0.020188000053167343,0,1,-0.8718484044075012,-0.010731101967394352,0.4896593689918518,0,0.20207375288009644,-0.9185829758644104,0.3396652340888977,0,0.44614750146865845,0.3950836658477783,0.8030330538749695,0,0.09607099741697311,-0.0574829988181591,-0.015581999905407429,1,0.9885291457176208,-0.131261944770813,-0.07470405101776123,0,-0.031642574816942215,0.30365148186683655,-0.952257513999939,0,0.14767909049987793,0.9436976313591003,0.2960146963596344,0,0,0.43394801020622253,0,1,0.7931729555130005,0.2561156749725342,0.552522599697113,0,-0.6016699075698853,0.46986591815948486,0.6459251642227173,0,-0.09417995065450668,-0.8447664976119995,0.5267819762229919,0,0,0.39697301387786865,0,1,0.9785560369491577,-0.06312655657529831,0.19606800377368927,0,-0.09549655765295029,0.7043582201004028,0.703390896320343,0,-0.18250490725040436,-0.707031786441803,0.6832261681556702,0,0,0.1716659963130951,0,1,-0.9985618591308594,-0.05171525105834007,-0.014138536527752876,0,0.044558316469192505,-0.9471890926361084,0.31756356358528137,0,-0.029814738780260086,0.3164767920970917,0.9481310844421387,0,-0.09607099741697311,-0.0574829988181591,-0.006434000097215176,1,0.9894850850105286,-0.12793375551700592,0.06747706979513168,0,0.13264206051826477,0.6165960431098938,-0.7760248780250549,0,0.05767367407679558,0.7768151760101318,0.6270818114280701,0,0,0.43394899368286133,0,1,0.897936999797821,0.10248004645109177,-0.4280271828174591,0,0.4009527564048767,0.21060240268707275,0.8915622234344482,0,0.18151086568832397,-0.9721850752830505,0.1480179727077484,0,0,0.3969770073890686,0,1,0.9729131460189819,0.06505484133958817,-0.22182971239089966,0,0.1071588471531868,0.7233489155769348,0.6821160912513733,0,0.20483532547950745,-0.6874110698699951,0.6967847943305969,0,0,0.1835460066795349,0,1
K0.067,0.8440271019935608,0.06737679988145828,0.5320509076118469,0,0.03370177745819092,0.9834529757499695,-0.17800389230251312,0,-0.535240113735199,0.16817109286785126,0.8277899026870728,0,-0.010529974475502968,0.9130480289459229,0.06809569150209427,1,0.992484986782074,0.07112586498260498,0.09957332164049149,0,-0.09187811613082886,0.9705990552902222,0.22247880697250366,0,-0.0808216854929924,-0.22995525598526,0.9698389172554016,0,0,0.10523500293493271,-0.00008199999865610152,1,0.9991070032119751,0.014071020297706127,0.039842694997787476,0,-0.015634963288903236,0.9991080164909363,0.0392175018787384,0,-0.039255332201719284,-0.03980542719364166,0.998435914516449,0,0,0.12277500331401825,0,1,0.9991180300712585,0.014220940880477428,0.03951516002416611,0,-0.015765050426125526,0.9991130232810974,0.03904370591044426,0,-0.03892487287521362,-0.03963222727179527,0.9984560012817383,0,0,0.1403139978647232,0,1,0.9667249917984009,-0.057722922414541245,-0.24921904504299164,0,0.10874207317829132,0.9745370745658875,0.196094810962677,0,0.23155395686626434,-0.21667028963565826,0.9483859539031982,0,0,0.15785300731658936,0,1,0.981468915939331,0.1354772448539734,-0.1355162411928177,0,-0.09105758368968964,0.9519988894462585,0.29224535822868347,0,0.1686038225889206,-0.2744898200035095,0.9466931223869324,0,0,0.10246600210666656,0.00005500000042957254,1,0.22586815059185028,-0.0038625176530331373,-0.9741499423980713,0,0.6537484526634216,-0.7407683730125427,0.15451644361019135,0,-0.7222164869308472,-0.671749472618103,-0.16479089856147766,0,0.06731700152158737,0.13328400254249573,0.0011690000537782907,1,-0.46458694338798523,-0.5423717498779297,-0.6999942064285278,0,-0.5847452878952026,0.7815297245979309,-0.21745124459266663,0,0.6650053858757019,0.3082931339740753,-0.6802374720573425,0,0,0.15568800270557404,0,1,0.16168463230133057,-0.8072509169578552,-0.5676312446594238,0,0.883877158164978,0.37427160143852234,-0.2805020809173584,0,0.43888357281684875,-0.45636311173439026,0.7740241885185242,0,0,0.16660399734973907,0,1,-0.7661070227622986,0.11715492606163025,0.6319451332092285,0,-0.19572731852531433,0.8940168619155884,-0.4030200242996216,0,-0.6121850609779358,-0.4324451684951782,-0.6619818806648254,0,0,0.28111401200294495,0,1,0.8470931649208069,-0.5251957178115845,0.08125482499599457,0,0.5270082950592041,0.8104327917098999,-0.25585389137268066,0,0.06852182000875473,0.2595541477203369,0.9632949233055115,0,-0.020045999437570572,0.047380998730659485,0,1,0.9150400161743164,0.2180483639240265,-0.339347779750824,0,-0.2509826421737671,0.9663810729980469,-0.055816955864429474,0,0.31576821208000183,0.13624504208564758,0.9390029311180115,0,-0.004360000137239695,0.040925998240709305,0,1,0.9998009204864502,-0.011695096269249916,-0.016165316104888916,0,0.013475903309881687,0.9932910203933716,0.1148499995470047,0,0.014713683165609837,-0.1150449886918068,0.9932510256767273,0,0.0010100000072270632,0.02512899972498417,0,1,0.9740810394287109,-0.19598481059074402,0.112945057451725,0,0.22540421783924103,0.7991368174552917,-0.5572912693023682,0,0.018962055444717407,0.5683047771453857,0.8225992321968079,0,0,0.07714200019836426,0.0002579999854788184,1,0.9488648772239685,-0.2714219093322754,0.16119958460330963,0,0.2815350890159607,0.49658507108688354,-0.8210608959197998,0,0.1428045779466629,0.8244590163230896,0.5476068258285522,0,-0.00039500001003034413,0.031268998980522156,0,1,0.9949949979782104,-0.0987948626279831,0.014999976381659508,0,0.09680913388729095,0.9158222079277039,-0.3897397220134735,0,0.02476697973906994,0.3892413079738617,0.9208029508590698,0,-0.00022499999613501132,0.019347000867128372,0,1,0.07651008665561676,-0.01716878078877926,0.9969208836555481,0,-0.6540351510047913,-0.7555497884750366,0.03718285635113716,0,0.7525848746299744,-0.6548660397529602,-0.06903602182865143,0,-0.06731700152158737,0.1332859992980957,-0.0012080000014975667,1,-0.43713220953941345,0.897645890712738,-0.056104522198438644,0,0.8787648677825928,0.4395572245121002,0.18590670824050903,0,0.1915394514799118,0.03196312114596367,-0.9809638261795044,0,0,0.15568800270557404,0,1,-0.3130129873752594,0.8506298065185547,0.42243635654449463,0,-0.9339879155158997,-0.19499774277210236,-0.29940474033355713,0,-0.17230837047100067,-0.488267719745636,0.8555142879486084,0,0,0.16714300215244293,0,1,0.4319698214530945,-0.6401556730270386,-0.635297417640686,0,0.5794702768325806,0.7367728352546692,-0.3483969569206238,0,0.691097617149353,-0.21763885021209717,0.689214289188385,0,0,0.2851470112800598,0,1,0.7829921245574951,0.5977109670639038,-0.17223472893238068,0,-0.6032230854034424,0.6620538830757141,-0.44475406408309937,0,-0.15180571377277374,0.4521349370479584,0.8789360523223877,0,0.02057100087404251,0.04828900098800659,0,1,0.8084380030632019,-0.4735051691532135,0.349601686000824,0,0.4822838604450226,0.8733971118927002,0.06768116354942322,0,-0.3373883366584778,0.11389116197824478,0.9344508647918701,0,0.00367900007404387,0.04182799905538559,0,1,0.2262856662273407,-0.9738600850105286,-0.01977643370628357,0,0.9679980278015137,0.22256910800933838,0.11594156175851822,0,-0.10850924998521805,-0.04537947103381157,0.993058979511261,0,0.0015689999563619494,0.0257789995521307,0,1,0.9879100322723389,0.13735872507095337,-0.07187268137931824,0,-0.14818726480007172,0.9728919863700867,-0.17754289507865906,0,0.0455373078584671,0.18604709208011627,0.9814849495887756,0,0,0.0856660008430481,0.00028300000121816993,1,0.9960359930992126,0.08791689574718475,-0.01351410523056984,0,-0.08200611174106598,0.8487778902053833,-0.5223521590232849,0,-0.03445310518145561,0.5213897824287415,0.8526230454444885,0,0.0009330000029876828,0.02841700054705143,0,1,0.9796158671379089,0.19492940604686737,-0.04852822422981262,0,-0.1942995935678482,0.8581421971321106,-0.47522488236427307,0,-0.05099122226238251,0.4749671518802643,0.8785249590873718,0,-0.0010130000300705433,0.020188000053167343,0,1,-0.9017416834831238,-0.006352734286338091,0.43222975730895996,0,0.19202043116092682,-0.9017141461372375,0.3873506486415863,0,0.3872864842414856,0.4322865903377533,0.8143320083618164,0,0.09607099741697311,-0.0574829988181591,-0.015581999905407429,1,0.9969059228897095,-0.05596375837922096,-0.05520106479525566,0,-0.02418604865670204,0.44979891180992126,-0.8928025960922241,0,0.07479391992092133,0.8913747072219849,0.44705337285995483,0,0,0.43394801020622253,0,1,0.7823324203491211,0.1268741339445114,0.6098031401634216,0,-0.593494176864624,0.4489208459854126,0.6680079102516174,0,-0.18900035321712494,-0.884518563747406,0.4265042245388031,0,0,0.39697301387786865,0,1,0.9797490835189819,-0.05834672972559929,0.19153903424739838,0,-0.09074672311544418,0.7233228087425232,0.6845211982727051,0,-0.17848405241966248,-0.6880401968955994,0.70337975025177,0,0,0.1716659963130951,0,1,-0.9989818334579468,-0.03177928552031517,-0.0320172980427742,0,0.021357135847210884,-0.9583366513252258,0.2848416566848755,0,-0.03973542898893356,0.2838679552078247,0.9580401182174683,0,-0.09607099741697311,-0.0574829988181591,-0.006434000097215176,1,0.9903879761695862,-0.11025813966989517,0.08351288735866547,0,0.1339380145072937,0.6137951612472534,-0.7780198454856873,0,0.034523267298936844,0.7817280888557434,0.6226638555526733,0,0,0.43394899368286133,0,1,0.899556040763855,0.12491010874509811,-0.4185658395290375,0,0.39353641867637634,0.18406528234481812,0.9006937742233276,0,0.18954908847808838,-0.9749448895454407,0.11642030626535416,0,0,0.3969770073890686,0,1,0.9724990129470825,0.06650208681821823,-0.22320999205112457,0,0.10781710594892502,0.7209551334381104,0.6845439076423645,0,0.20644795894622803,-0.689784049987793,0.6939579844474792,0,0,0.1835460066795349,0,1
K0.100,0.845674991607666,0.06691493839025497,0.5294860601425171,0,0.033536940813064575,0.9834849834442139,-0.17785394191741943,0,-0.5326429605484009,0.16816405951976776,0.8294649720191956,0,-0.013465999625623226,0.9135800004005432,0.10051199793815613,1,0.992330014705658,0.072523333132267,0.10011214017868042,0,-0.09304966777563095,0.9713560342788696,0.21865496039390564,0,-0.08138686418533325,-0.22629305720329285,0.9706529974937439,0,0,0.10523500293493271,-0.00008199999865610152,1,0.9991559386253357,0.015307087451219559,0.03812921419739723,0,-0.016991913318634033,0.998875081539154,0.04426273703575134,0,-0.03740878775715828,-0.04487326368689537,0.9982920289039612,0,0,0.12277500331401825,0,1,0.9991869926452637,0.014821814373135567,0.03748985007405281,0,-0.016473187133669853,0.9988899827003479,0.04413015395402908,0,-0.03679414838552475,-0.044711850583553314,0.9983220100402832,0,0,0.1403139978647232,0,1,0.9668568968772888,-0.05862295255064964,-0.24849744141101837,0,0.10799404978752136,0.9758310317993164,0.18997658789157867,0,0.23135457932949066,-0.21051645278930664,0.9498200416564941,0,0,0.15785300731658936,0,1,0.9811049699783325,0.14038798213005066,-0.13313335180282593,0,-0.09824200719594955,0.9542818665504456,0.28230324387550354,0,0.16667863726615906,-0.26388970017433167,0.9500421285629272,0,0,0.10246600210666656,0.00005500000042957254,1,0.23654980957508087,-0.005532795563340187,-0.9716039896011353,0,0.6673668026924133,-0.7258523106575012,0.16661259531974792,0,-0.706162691116333,-0.6878282427787781,-0.1680077463388443,0,0.06731700152158737,0.13328400254249573,0.0011690000537782907,1,-0.4545440375804901,-0.5348985195159912,-0.7122312784194946,0,-0.5794813632965088,0.7848407030105591,-0.21960604190826416,0,0.6764547228813171,0.31290403008461,-0.6667081117630005,0,0,0.15568800270557404,0,1,0.1854240745306015,-0.7967458963394165,-0.5751650929450989,0,0.8723750710487366,0.4028826653957367,-0.2768523097038269,0,0.45230478048324585,-0.45042431354522705,0.7697649598121643,0,0,0.16660399734973907,0,1,-0.7724140882492065,0.130924791097641,0.6214780807495117,0,-0.16713279485702515,0.9021320343017578,-0.39777296781539917,0,-0.6127339601516724,-0.41111505031585693,-0.6749380826950073,0,0,0.28111401200294495,0,1,0.8470931649208069,-0.5251957178115845,0.08125482499599457,0,0.5270082950592041,0.8104327917098999,-0.25585389137268066,0,0.06852182000875473,0.2595541477203369,0.9632949233055115,0,-0.020045999437570572,0.047380998730659485,0,1,0.9150400757789612,0.21804888546466827,-0.33934786915779114,0,-0.2509831190109253,0.9663809537887573,-0.0558168850839138,0,0.31576815247535706,0.13624511659145355,0.9390029311180115,0,-0.004360000137239695,0.040925998240709305,0,1,0.9998009204864502,-0.01169509906321764,-0.01616531051695347,0,0.013475902378559113,0.9932920336723328,0.11484906077384949,0,0.014713688753545284,-0.11504394561052322,0.9932510256767273,0,0.0010100000072270632,0.02512899972498417,0,1,0.9740810394287109,-0.19598513841629028,0.11294571310281754,0,0.22540485858917236,0.799136757850647,-0.5572912096977234,0,0.0189617108553648,0.5683047771453857,0.8225991725921631,0,0,0.07714200019836426,0.0002579999854788184,1,0.9488649368286133,-0.2714211046695709,0.1611999124288559,0,0.28153491020202637,0.49658501148223877,-0.8210610151290894,0,0.14280390739440918,0.8244600296020508,0.5476070046424866,0,-0.00039500001003034413,0.031268998980522156,0,1,0.9949949979782104,-0.09879501909017563,0.014998959377408028,0,0.09680896997451782,0.9158229827880859,-0.3897399306297302,0,0.024767961353063583,0.389241099357605,0.9208030104637146,0,-0.00022499999613501132,0.019347000867128372,0,1,0.07502494007349014,-0.017532948404550552,0.9970280528068542,0,-0.6583170294761658,-0.7518652081489563,0.03631575033068657,0,0.7489928603172302,-0.6590842008590698,-0.06795088946819305,0,-0.06731700152158737,0.1332859992980957,-0.0012080000014975667,1,-0.4095699191093445,0.9109751582145691,-0.04876274988055229,0,0.8900119662284851,0.41073909401893616,0.1979181468486786,0,0.20032723248004913,0.03766186162829399,-0.979004979133606,0,0,0.15568800270557404,0,1,-0.28682687878608704,0.8556370735168457,0.4308300316333771,0,-0.939486026763916,-0.16329127550125122,-0.30116698145866394,0,-0.18733899295330048,-0.4911419451236725,0.8506960272789001,0,0,0.16714300215244293,0,1,0.43618327379226685,-0.6393358111381531,-0.6332400441169739,0,0.5837442278862,0.7365869879722595,-0.3415876030921936,0,0.684826135635376,-0.220655620098114,0.6944960951805115,0,0,0.2851470112800598,0,1,0.7829919457435608,0.5977110862731934,-0.17223422229290009,0,-0.6032230257987976,0.6620538234710693,-0.4447542428970337,0,-0.15180622041225433,0.45213475823402405,0.8789360523223877,0,0.02057100087404251,0.04828900098800659,0,1,0.8084380030632019,-0.4735051691532135,0.349601686000824,0,0.4822838604450226,0.8733971118927002,0.06768116354942322,0,-0.3373883366584778,0.11389116197824478,0.9344508647918701,0,0.00367900007404387,0.04182799905538559,0,1,0.2375197559595108,-0.9713820815086365,-0.0008588359924033284,0,0.9639220237731934,0.23558609187602997,0.12391328066587448,0,-0.12016482651233673,-0.03025970607995987,0.9922930598258972,0,0.0015689999563619494,0.0257789995521307,0,1,0.9879100322723389,0.13735872507095337,-0.07187268137931824,0,-0.14818726480007172,0.9728919863700867,-0.17754289507865906,0,0.0455373078584671,0.18604709208011627,0.9814849495887756,0,0,0.0856660008430481,0.00028300000121816993,1,0.9960359930992126,0.0879170373082161,-0.01351360697299242,0,-0.08200597018003464,0.8487778902053833,-0.5223521590232849,0,-0.034453604370355606,0.5213897824287415,0.8526230454444885,0,0.0009330000029876828,0.02841700054705143,0,1,0.9796159267425537,0.1949293315410614,-0.04852817952632904,0,-0.19429968297481537,0.8581430315971375,-0.4752250909805298,0,-0.050991177558898926,0.47496694326400757,0.8785250782966614,0,-0.0010130000300705433,0.020188000053167343,0,1,-0.9211059808731079,-0.015896139666438103,0.3889881372451782,0,0.18636086583137512,-0.8952540755271912,0.4047090411186218,0,0.34180986881256104,0.44527196884155273,0.8275860548019409,0,0.09607099741697311,-0.0574829988181591,-0.015581999905407429,1,0.9999079704284668,0.01208981592208147,0.0061559369787573814,0,-0.002647185465320945,0.6188898682594299,-0.785473108291626,0,-0.013306076638400555,0.7853848338127136,0.6188651323318481,0,0,0.43394801020622253,0,1,0.7631089687347412,-0.010928158648312092,0.6461770534515381,0,-0.5767720341682434,0.4395389258861542,0.6885778903961182,0,-0.29154491424560547,-0.898157000541687,0.32911309599876404,0,0,0.39697301387786865,0,1,0.9842789173126221,-0.04030594229698181,0.17195840179920197,0,-0.08619394153356552,0.740179181098938,0.6668618321418762,0,-0.1541585922241211,-0.6712000966072083,0.7250688672065735,0,0,0.1716659963130951,0,1,-0.9980829358100891,-0.006996148731559515,-0.06149214506149292,0,-0.008604152128100395,-0.9682549238204956,0.24981585144996643,0,-0.06128784641623497,0.24986611306667328,0.9663389325141907,0,-0.09607099741697311,-0.0574829988181591,-0.006434000097215176,1,0.990799069404602,-0.08703664690256119,0.10364482551813126,0,0.13526636362075806,0.6111147403717041,-0.7798981070518494,0,0.004540826193988323,0.7867419719696045,0.6172650456428528,0,0,0.43394899368286133,0,1,0.9012501239776611,0.14431071281433105,-0.4085628092288971,0,0.3878547251224518,0.15169739723205566,0.9091519713401794,0,0.1931782066822052,-0.977836012840271,0.08074567466974258,0,0,0.3969770073890686,0,1,0.9719520807266235,0.06840910017490387,-0.22501178085803986,0,0.10868809372186661,0.7178002595901489,0.6877136826515198,0,0.20855921506881714,-0.6928802728652954,0.6902316808700562,0,0,0.1835460066795349,0,1
