3.033,30,91,33
B0,mixamorig_Hips,-1,0.8412280082702637,0.09020400047302246,0.5331029891967773,0,0.01450399961322546,0.9818649888038635,-0.1890230029821396,0,-0.5404859781265259,0.16674399375915527,0.8246639966964722,0,-0.013881999999284744,42.132972717285156,-1.5798829793930054,1
B1,mixamorig_Spine,0,0.9943349957466125,0.04752799868583679,0.09507499635219574,0,-0.06254000216722488,0.9848489761352539,0.16174599528312683,0,-0.08594699949026108,-0.16677600145339966,0.9822419881820679,0,0,5.091618061065674,-0.33338499069213867,1
B2,mixamorig_Spine1,1,0.9990599751472473,0.010251999832689762,0.04210999980568886,0,-0.011722000315785408,0.9993249773979187,0.03481400012969971,0,-0.041724998503923416,-0.03527500107884407,0.9985060095787048,0,0,5.952936172485352,0,1
B3,mixamorig_Spine2,2,0.9990530014038086,0.01097199972718954,0.042093999683856964,0,-0.012432999908924103,0.9993240237236023,0.03459800034761429,0,-0.04168500006198883,-0.035089001059532166,0.9985139966011047,0,0,6.803362846374512,0,1
B4,mixamorig_Neck,3,0.9666460156440735,-0.04057500138878822,-0.2528820037841797,0,0.1092739999294281,0.9583290219306946,0.2639389932155609,0,0.23163500428199768,-0.28276899456977844,0.9307990074157715,0,0,7.653775215148926,0,1
B5,mixamorig_Head,4,0.9821739792823792,0.12083400040864944,-0.14399300515651703,0,-0.07241199910640717,0.9501129984855652,0.3033849895000458,0,0.17346900701522827,-0.2875500023365021,0.9419260025024414,0,0,5.327849864959717,1.4227420091629028,1
B6,mixamorig_HeadTop_End,5,1,0,0,0,0,1,0,0,0,0,1,0,0,10.1077880859375,2.6991701126098633,1
B7,mixamorig_LeftShoulder,3,0.16792500019073486,0.004614999983459711,-0.9857890009880066,0,0.8748729825019836,-0.46154698729515076,0.14687000215053558,0,-0.45430999994277954,-0.8871039748191833,-0.0815420001745224,0,3.0558409690856934,6.244616985321045,-0.10270600020885468,1
B8,mixamorig_LeftArm,7,0.49709799885749817,0.3208790123462677,0.8061829805374146,0,-0.6431660056114197,0.7599210143089294,0.0941149964928627,0,-0.5824360251426697,-0.5652940273284912,0.5841330289840698,0,0,6.837014198303223,0,1
B9,mixamorig_LeftForeArm,8,0.5289409756660461,0.8381320238113403,0.13325199484825134,0,-0.8391420245170593,0.49307501316070557,0.22960300743579865,0,0.12673400342464447,-0.2332639992237091,0.964119017124176,0,0,10.956942558288574,0,1
B10,mixamorig_LeftHand,9,-0.8642259836196899,0.2831389904022217,0.41586801409721375,0,0.37836700677871704,0.9105889797210693,0.16632899641990662,0,-0.33159101009368896,0.30109700560569763,-0.8940849900245667,0,0,12.043248176574707,0,1
B11,mixamorig_LeftHandIndex1,10,-0.9004899859428406,0.42511600255966187,0.09162399917840958,0,0.41229701042175293,0.767562985420227,0.4907729923725128,0,0.13830800354480743,0.47971200942993164,-0.8664569854736328,0,0,3.913239002227783,0,1
B12,mixamorig_LeftHandIndex2,11,0.823062002658844,0.5198130011558533,-0.2288309931755066,0,-0.46622300148010254,0.8484699726104736,0.250467985868454,0,0.32435300946235657,-0.09946399927139282,0.9406920075416565,0,0,2.573965072631836,0,1
B13,mixamorig_LeftHandIndex3,12,0.8889700174331665,-0.35844698548316956,0.2850399911403656,0,0.18375100195407867,0.8492839932441711,0.49492698907852173,0,-0.4194850027561188,-0.38759899139404297,0.8208529949188232,0,-0.2576259970664978,1.4440679550170898,-2.204097032546997,1
B14,mixamorig_LeftHandIndex4,13,1,0,0,0,0,1,0,0,0,0,1,0,-1.501837968826294,-0.7430260181427002,-1.558176040649414,1
B15,mixamorig_RightShoulder,3,0.06354500353336334,-0.009181000292301178,0.997937023639679,0,-0.8961899876594543,-0.44049298763275146,0.05301399901509285,0,0.43909698724746704,-0.8977090120315552,-0.036219000816345215,0,-3.0558409690856934,6.24325704574585,-0.08191999793052673,1
B16,mixamorig_RightArm,15,0.4427590072154999,-0.871973991394043,-0.20886600017547607,0,0.8491020202636719,0.3329089879989624,0.4101189970970154,0,-0.28808000683784485,-0.3589330017566681,0.887794017791748,0,0,6.837014198303223,0,1
B17,mixamorig_RightForeArm,16,-0.06311699748039246,-0.9650290012359619,-0.25443199276924133,0,0.9658589959144592,-0.12325099855661392,0.22787299752235413,0,-0.25126299262046814,-0.23136299848556519,0.939860999584198,0,0,10.940739631652832,0,1
B18,mixamorig_RightHand,17,0.5969330072402954,0.3534730076789856,-0.7202280163764954,0,-0.618332028388977,0.7747060060501099,-0.1322699934244156,0,0.5112109780311584,0.5242959856987,0.681011974811554,0,0,12.050021171569824,0,1
B19,mixamorig_RightHandIndex1,18,0.9993039965629578,0.03619600087404251,-0.00901500042527914,0,-0.032600000500679016,0.9649109840393066,0.260547012090683,0,0.018129000440239906,-0.2600719928741455,0.9654189944267273,0,0,3.866805076599121,0,1
B20,mixamorig_RightHandIndex2,19,0.9929540157318115,0.11767199635505676,0.013953999616205692,0,-0.11086100339889526,0.8809170126914978,0.46010300517082214,0,0.04184899851679802,-0.458407998085022,0.8877559900283813,0,0,2.8685810565948486,0,1
B21,mixamorig_RightHandIndex3,20,0.9954019784927368,0.01787099987268448,0.09410800039768219,0,0.02138100005686283,0.9162070155143738,-0.40013501048088074,0,-0.09337300062179565,0.4003080129623413,0.911611020565033,0,-0.19635500013828278,1.4462870359420776,0.4272109866142273,1
B22,mixamorig_RightHandIndex4,21,1,0,0,0,0,1,0,0,0,0,1,0,-0.3481369912624359,0.6542289853096008,1.8257249593734741,1
B23,mixamorig_LeftUpLeg,0,-0.8388069868087769,0.013252000324428082,0.544268012046814,0,0.15042200684547424,-0.9551479816436768,0.2550809979438782,0,0.5232369899749756,0.2958329916000366,0.7991909980773926,0,5.148238182067871,-2.8255040645599365,-0.2674959897994995,1
B24,mixamorig_LeftLeg,23,0.9874550104141235,-0.13707800209522247,-0.07837600260972977,0,-0.05094999819993973,0.19320400059223175,-0.9798349738121033,0,0.14945699274539948,0.9715359807014465,0.1837960034608841,0,0,20.59090232849121,0,1
B25,mixamorig_LeftFoot,24,0.9426820278167725,0.3321709930896759,0.03182800114154816,0,-0.22964200377464294,0.5765780210494995,0.7841060161590576,0,0.24210500717163086,-0.7464720010757446,0.6198109984397888,0,0,17.32342529296875,0,1
B26,mixamorig_LeftToeBase,25,0.9905970096588135,-0.08120399713516235,0.11010400205850601,0,-0.0444130003452301,0.5703330039978027,0.8202120065689087,0,-0.12939999997615814,-0.8173900246620178,0.5613639950752258,0,0,8.471383094787598,0,1
B27,mixamorig_LeftToe_End,26,1,0,0,0,0,1,0,0,0,0,1,0,0,3.542923927307129,0,1
B28,mixamorig_RightUpLeg,0,-0.9975379705429077,-0.06977500021457672,0.0070859999395906925,0,0.06786300241947174,-0.9347879886627197,0.34866300225257874,0,-0.01770400069653988,0.3482849895954132,0.9372209906578064,0,-5.148238182067871,-2.8255040645599365,0.2669900059700012,1
B29,mixamorig_RightLeg,28,0.9805039763450623,-0.17891600728034973,0.08124600350856781,0,0.1720840036869049,0.5822319984436035,-0.7946019768714905,0,0.09486299753189087,0.7930920124053955,0.6016700267791748,0,0,20.626569747924805,0,1
B30,mixamorig_RightFoot,29,0.9997609853744507,-0.005415000021457672,-0.021170999854803085,0,0.02181299962103367,0.18895700573921204,0.9817429780960083,0,-0.0013160000089555979,-0.9819700121879578,0.1890300065279007,0,0,17.337238311767578,0,1
B31,mixamorig_RightToeBase,30,0.9998779892921448,-0.0035379999317228794,-0.015184000134468079,0,0.01280600018799305,0.7418839931488037,0.6704059839248657,0,0.008892999961972237,-0.6705189943313599,0.7418389916419983,0,0,8.49565315246582,0,1
B32,mixamorig_RightToe_End,31,1,0,0,0,0,1,0,0,0,0,1,0,0,3.508960008621216,0,1
@28,0,1,2,3,4,5,7,8,9,10,11,12,13,15,16,17,18,19,20,21,23,24,25,26,28,29,30,31
K0,0.8412280678749084,0.09020377695560455,0.5331031084060669,0,0.014503770507872105,0.9818649291992188,-0.18902330100536346,0,-0.5404859185218811,0.16674374043941498,0.8246641159057617,0,-0.013881999999284744,42.132972717285156,-1.5798829793930054,1,0.9943349957466125,0.04752790182828903,0.09507498145103455,0,-0.06254009902477264,0.9848489165306091,0.16174615919589996,0,-0.08594702184200287,-0.16677585244178772,0.9822420477867126,0,0,5.091618061065674,-0.33338499069213867,1,0.9990599751472473,0.010251936502754688,0.04211015999317169,0,-0.011722061783075333,0.9993249773979187,0.03481404855847359,0,-0.041724834591150284,-0.03527494892477989,0.9985060095787048,0,0,5.952936172485352,0,1,0.9990530014038086,0.010972140356898308,0.042093534022569656,0,-0.012432857416570187,0.9993239641189575,0.034598208963871,0,-0.04168546199798584,-0.03508878871798515,0.9985139966011047,0,0,6.803362846374512,0,1,0.9666460752487183,-0.040574826300144196,-0.2528820335865021,0,0.10927417129278183,0.9583290219306946,0.26393893361091614,0,0.2316349595785141,-0.2827690541744232,0.9307990074157715,0,0,7.653775215148926,0,1,0.9821739196777344,0.12083427608013153,-0.1439930498600006,0,-0.07241170853376389,0.95011305809021,0.3033849895000458,0,0.17346897721290588,-0.28755003213882446,0.9419260025024414,0,0,5.327849864959717,1.4227420091629028,1,0.16792485117912292,0.004614878911525011,-0.9857890009880066,0,0.874873161315918,-0.4615466296672821,0.14687012135982513,0,-0.4543100595474243,-0.8871039152145386,-0.08154259622097015,0,3.0558409690856934,6.244616985321045,-0.10270600020885468,1,0.49709782004356384,0.32087886333465576,0.8061830997467041,0,-0.6431661248207092,0.7599208354949951,0.0941150039434433,0,-0.5824357271194458,-0.5652939677238464,0.5841333270072937,0,0,6.837014198303223,0,1,0.5289411544799805,0.8381317853927612,0.13325221836566925,0,-0.8391421437263489,0.49307483434677124,0.22960302233695984,0,0.12673424184322357,-0.23326396942138672,0.9641189575195312,0,0,10.956942558288574,0,1,-0.8642258644104004,0.2831391394138336,0.41586822271347046,0,0.3783668577671051,0.9105889797210693,0.16632919013500214,0,-0.33159080147743225,0.3010967969894409,-0.894085168838501,0,0,12.043248176574707,0,1,-0.9004899859428406,0.4251156747341156,0.09162398427724838,0,0.4122972786426544,0.767562985420227,0.49077272415161133,0,0.13830800354480743,0.47971227765083313,-0.8664568066596985,0,0,3.913239002227783,0,1,0.8230620622634888,0.519812822341919,-0.2288312315940857,0,-0.46622323989868164,0.8484699130058289,0.25046783685684204,0,0.32435277104377747,-0.09946414083242416,0.9406920671463013,0,0,2.573965072631836,0,1,0.8889700174331665,-0.3584469258785248,0.285040020942688,0,0.18375107645988464,0.8492839336395264,0.4949270188808441,0,-0.4194850027561188,-0.3875989019870758,0.820853054523468,0,-0.2576259970664978,1.4440679550170898,-2.204097032546997,1,0.06354530900716782,-0.009180823341012001,0.9979369044303894,0,-0.8961900472640991,-0.4404926002025604,0.05301390960812569,0,0.4390967786312103,-0.8977090716362,-0.03621888905763626,0,-3.0558409690856934,6.24325704574585,-0.08191999793052673,1,0.4427592158317566,-0.8719738721847534,-0.20886604487895966,0,0.8491020798683167,0.3329088091850281,0.41011908650398254,0,-0.28808003664016724,-0.35893288254737854,0.887794017791748,0,0,6.837014198303223,0,1,-0.06311719119548798,-0.9650290012359619,-0.25443214178085327,0,0.9658589959144592,-0.12325076758861542,0.22787317633628845,0,-0.2512631416320801,-0.23136283457279205,0.9398610591888428,0,0,10.940739631652832,0,1,0.5969329476356506,0.353473424911499,-0.7202277779579163,0,-0.6183316707611084,0.7747063040733337,-0.1322699338197708,0,0.5112112164497375,0.5242960453033447,0.6810116767883301,0,0,12.050021171569824,0,1,0.9993039965629578,0.03619608283042908,-0.009014768525958061,0,-0.03259991481900215,0.9649109840393066,0.2605471611022949,0,0.018129227682948112,-0.2600718140602112,0.9654189944267273,0,0,3.866805076599121,0,1,0.9929539561271667,0.11767216771841049,0.01395400334149599,0,-0.11086083203554153,0.8809171319007874,0.4601028561592102,0,0.04184899851679802,-0.4584081470966339,0.8877558708190918,0,0,2.8685810565948486,0,1,0.9954019784927368,0.01787085272371769,0.0941079631447792,0,0.021380852907896042,0.9162068367004395,-0.40013551712036133,0,-0.09337304532527924,0.4003075063228607,0.9116111993789673,0,-0.19635500013828278,1.4462870359420776,0.4272109866142273,1,-0.8388067483901978,0.01325184851884842,0.5442681908607483,0,0.1504218578338623,-0.9551479816436768,0.2550807595252991,0,0.5232368111610413,0.29583320021629333,0.7991910576820374,0,5.148238182067871,-2.8255040645599365,-0.2674959897994995,1,0.987454891204834,-0.13707859814167023,-0.07837603986263275,0,-0.050950612872838974,0.19320406019687653,-0.9798349142074585,0,0.1494569480419159,0.9715359807014465,0.18379603326320648,0,0,20.59090232849121,0,1,0.9426820278167725,0.33217087388038635,0.03182859346270561,0,-0.22964206337928772,0.5765781998634338,0.7841058373451233,0,0.24210557341575623,-0.7464720606803894,0.6198106408119202,0,0,17.32342529296875,0,1,0.9905970692634583,-0.08120382577180862,0.11010377109050751,0,-0.044412825256586075,0.5703330039978027,0.8202120661735535,0,-0.12940022349357605,-0.8173900246620178,0.561363935470581,0,0,8.471383094787598,0,1,-0.9975380301475525,-0.06977523118257523,0.007086057681590319,0,0.06786277890205383,-0.9347881078720093,0.34866294264793396,0,-0.017704058438539505,0.34828510880470276,0.9372209906578064,0,-5.148238182067871,-2.8255040645599365,0.2669900059700012,1,0.9805039167404175,-0.1789160817861557,0.08124607056379318,0,0.17208392918109894,0.5822321176528931,-0.7946018576622009,0,0.09486306458711624,0.7930920720100403,0.60166996717453,0,0,20.626569747924805,0,1,0.9997609853744507,-0.005415164399892092,-0.021170904859900475,0,0.021812833845615387,0.1889571249485016,0.9817429780960083,0,-0.0013159065274521708,-0.981969952583313,0.18903006613254547,0,0,17.337238311767578,0,1,0.9998779892921448,-0.0035380793269723654,-0.015184103511273861,0,0.012805921025574207,0.7418839335441589,0.6704060435295105,0,0.008892896585166454,-0.6705189347267151,0.7418390512466431,0,0,8.49565315246582,0,1
K0.033,0.8757813572883606,0.08159459382295609,0.47576138377189636,0,0.024616610258817673,0.976777970790863,-0.21283477544784546,0,-0.48207932710647583,0.19810833036899567,0.8534352779388428,0,-0.2937591075897217,42.560665130615234,-0.04936353117227554,1,0.9962470531463623,0.0380457267165184,0.07774654030799866,0,-0.04783700779080391,0.9905890226364136,0.1282346099615097,0,-0.07213613390922546,-0.1314726024866104,0.9886919856071472,0,0,5.091618061065674,-0.33338499069213867,1,0.9996820688247681,0.007597119081765413,0.024057595059275627,0,-0.007956751622259617,0.9998570084571838,0.014888809993863106,0,-0.023941054940223694,-0.015075504779815674,0.9996000528335571,0,0,5.952936172485352,0,1,0.9996800422668457,0.007663813419640064,0.024116551503539085,0,-0.008018049411475658,0.9998610019683838,0.014626316726207733,0,-0.024001093581318855,-0.014814997091889381,0.9996020197868347,0,0,6.803362846374512,0,1,0.975053071975708,-0.04917418584227562,-0.21645863354206085,0,0.10486926883459091,0.961513102054596,0.2539583444595337,0,0.19563961029052734,-0.27032271027565,0.9426831603050232,0,0,7.653775215148926,0,1,0.9873411059379578,0.14777782559394836,-0.05760383978486061,0,-0.11974475532770157,0.9326772093772888,0.3402564823627472,0,0.10400816053152084,-0.32905152440071106,0.938566267490387,0,0,5.327849864959717,1.4227420091629028,1,0.151127889752388,-0.02320684678852558,-0.988241970539093,0,0.8780677318572998,-0.45604363083839417,0.14498859643936157,0,-0.4540460705757141,-0.8896549344062805,-0.04854366555809975,0,3.0558409690856934,6.244616985321045,-0.10270600020885468,1,0.7299769520759583,0.37983837723731995,0.5682049989700317,0,-0.5771414637565613,0.7879011631011963,0.21475498378276825,0,-0.36611708998680115,-0.4847007691860199,0.7943699955940247,0,0,6.837014198303223,0,1,0.5162681937217712,0.8454433679580688,0.13671959936618805,0,-0.8464622497558594,0.4794365167617798,0.23160624504089355,0,0.1302616149187088,-0.23529896140098572,0.9631538987159729,0,0,10.956942558288574,0,1,-0.9471935629844666,-0.05786397308111191,0.31539881229400635,0,0.013666747137904167,0.9754051566123962,0.21999409794807434,0,-0.3203712999820709,0.21268746256828308,-0.9231065511703491,0,0,12.043248176574707,0,1,-0.8966535925865173,0.43247389793395996,0.09475411474704742,0,0.418591171503067,0.7584099173545837,0.4995959997177124,0,0.14419981837272644,0.48762795329093933,-0.8610610961914062,0,0,3.913239002227783,0,1,0.8199989795684814,0.5232400298118591,-0.23199397325515747,0,-0.471203088760376,0.8472209572792053,0.24532486498355865,0,0.32491403818130493,-0.09184988588094711,0.9412729144096375,0,0,2.573965072631836,0,1,0.8909010291099548,-0.3545970916748047,0.28382593393325806,0,0.18304680287837982,0.8522080183029175,0.4901380240917206,0,-0.4156799018383026,-0.38471072912216187,0.824140191078186,0,-0.2576259970664978,1.4440679550170898,-2.204097032546997,1,0.12519975006580353,-0.24121372401714325,0.9623621106147766,0,-0.8528285026550293,-0.5218132138252258,-0.019841358065605164,0,0.5069595575332642,-0.8182462453842163,-0.2710450291633606,0,-3.0558409690856934,6.24325704574585,-0.08191999793052673,1,0.5246973633766174,-0.8296853303909302,-0.19056379795074463,0,0.8473721146583557,0.48758211731910706,0.21029271185398102,0,-0.08156135678291321,-0.27181869745254517,0.9588860869407654,0,0,6.837014198303223,0,1,-0.10727235674858093,-0.9583039879798889,-0.26484984159469604,0,0.9591289758682251,-0.16990387439727783,0.22628501057624817,0,-0.2618488371372223,-0.22975096106529236,0.9373630881309509,0,0,10.940739631652832,0,1,0.5760718584060669,0.3464473783969879,-0.7403473854064941,0,-0.6176483631134033,0.7777565717697144,-0.11664539575576782,0,0.5353987812995911,0.5244706273078918,0.662026584148407,0,0,12.050021171569824,0,1,0.9996649622917175,0.018287301063537598,-0.018330154940485954,0,-0.012049512937664986,0.9551740884780884,0.2958011329174042,0,0.022917883470654488,-0.2954810559749603,0.9550740718841553,0,0,3.866805076599121,0,1,0.9891129732131958,0.14487406611442566,0.02581365406513214,0,-0.1359250396490097,0.8322449922561646,0.5374869704246521,0,0.05638466030359268,-0.5351442694664001,0.8428767323493958,0,0,2.8685810565948486,0,1,0.9954019784927368,0.017863186076283455,0.09410885721445084,0,0.021391185000538826,0.9161940217018127,-0.4001639783382416,0,-0.09337015450000763,0.40033701062202454,0.9115990400314331,0,-0.19635500013828278,1.4462870359420776,0.4272109866142273,1,-0.834128201007843,-0.000014052180631551892,0.5515709519386292,0,0.14093568921089172,-0.9668100476264954,0.21310918033123016,0,0.5332614779472351,0.25549644231796265,0.8064455986022949,0,5.148238182067871,-2.8255040645599365,-0.2674959897994995,1,0.9860219955444336,-0.11584386974573135,-0.11974931508302689,0,-0.09399636834859848,0.20665700733661652,-0.9738879203796387,0,0.1375659704208374,0.9715308547019958,0.19287943840026855,0,0,20.59090232849121,0,1,0.9515261650085449,0.3064212501049042,-0.02651376463472843,0,-0.1923007071018219,0.6599891185760498,0.7262470722198486,0,0.2400364726781845,-0.6859449148178101,0.6869223713874817,0,0,17.32342529296875,0,1,0.996379017829895,-0.04843177646398544,0.06987970322370529,0,-0.030205165967345238,0.5666458606719971,0.8234074115753174,0,-0.07947614789009094,-0.822536826133728,0.5631313920021057,0,0,8.471383094787598,0,1,-0.9981440901756287,-0.03267976641654968,-0.051393356174230576,0,0.018140580505132675,-0.9650744199752808,0.26134687662124634,0,-0.058139171451330185,0.2599295377731323,0.9638761281967163,0,-5.148238182067871,-2.8255040645599365,0.2669900059700012,1,0.987820029258728,-0.1386881321668625,0.07054246217012405,0,0.1412883847951889,0.609587550163269,-0.7800257802009583,0,0.06517857313156128,0.7804927229881287,0.6217584609985352,0,0,20.626569747924805,0,1,0.9994199872016907,-0.00395180331543088,-0.033834099769592285,0,0.03403618931770325,0.15603280067443848,0.9871649742126465,0,0.0013781475136056542,-0.9877439737319946,0.15607678890228271,0,0,17.337238311767578,0,1,0.9998819828033447,-0.0034468895755708218,-0.014939121901988983,0,0.012518104165792465,0.7461230754852295,0.6656898856163025,0,0.008851874619722366,-0.6657990217208862,0.7460790276527405,0,0,8.49565315246582,0,1
K0.067,0.9079467058181763,0.07419725507497787,0.41246455907821655,0,0.019643226638436317,0.9755859971046448,-0.21873591840267181,0,-0.41862472891807556,0.20670293271541595,0.8843237161636353,0,-0.5990599989891052,43.06333541870117,1.5743592977523804,1,0.9977900385856628,0.027200818061828613,0.06063118204474449,0,-0.032662440091371536,0.9953159689903259,0.09099027514457703,0,-0.05787212401628494,-0.09276947379112244,0.9940040111541748,0,0,5.091618061065674,-0.33338499069213867,1,0.9999780058860779,0.0013899992918595672,0.006480194628238678,0,-0.0012681252555921674,0.9998229742050171,-0.018773486837744713,0,-0.006505144294351339,0.018764860928058624,0.9998030066490173,0,0,5.952936172485352,0,1,0.9999780058860779,0.0010920140193775296,0.0065457881428301334,0,-0.0009661178337410092,0.9998149871826172,-0.019205546006560326,0,-0.006565549410879612,0.01919879950582981,0.9997940063476562,0,0,6.803362846374512,0,1,0.9799879789352417,-0.08129867911338806,-0.18169622123241425,0,0.11891388148069382,0.9711198806762695,0.20684750378131866,0,0.15963247418403625,-0.2243143767118454,0.9613538980484009,0,0,7.653775215148926,0,1,0.993323028087616,0.10975873470306396,0.035534221678972244,0,-0.11533468216657639,0.9521037340164185,0.28318870067596436,0,-0.002749834908172488,-0.2853962779045105,0.9584059119224548,0,0,5.327849864959717,1.4227420091629028,1,0.14047950506210327,-0.008408249355852604,-0.9900479316711426,0,0.8655374050140381,-0.4844944477081299,0.12692725658416748,0,-0.48073989152908325,-0.8747541904449463,-0.06078395992517471,0,3.0558409690856934,6.244616985321045,-0.10270600020885468,1,0.8650338053703308,0.36019834876060486,0.34924769401550293,0,-0.4720880687236786,0.8200297355651855,0.3235490322113037,0,-0.16985160112380981,-0.4447563886642456,0.8793984651565552,0,0,6.837014198303223,0,1,0.4569387435913086,0.8762485980987549,0.15295298397541046,0,-0.8773046731948853,0.41558846831321716,0.24004532396793365,0,0.14677397906780243,-0.2438725382089615,0.9586361050605774,0,0,10.956942558288574,0,1,-0.905647337436676,-0.065647654235363,0.418919175863266,0,-0.0008881288813427091,0.9882348775863647,0.15294352173805237,0,-0.4240308403968811,0.13814079761505127,-0.8950503468513489,0,0,12.043248176574707,0,1,-0.8688281774520874,0.4796186089515686,0.1228976920247078,0,0.4732305109500885,0.7314574122428894,0.4909408688545227,0,0.14556992053985596,0.48470214009284973,-0.8624807596206665,0,0,3.913239002227783,0,1,0.8142510056495667,0.5295130014419556,-0.2379307746887207,0,-0.4804408848285675,0.8447380065917969,0.23578426241874695,0,0.32584014534950256,-0.07767593860626221,0.9422289729118347,0,0,2.573965072631836,0,1,0.8957089781761169,-0.3448791801929474,0.280647873878479,0,0.18116091191768646,0.8594770431518555,0.4779948890209198,0,-0.4060612618923187,-0.37730225920677185,0.8323206901550293,0,-0.2576259970664978,1.4440679550170898,-2.204097032546997,1,0.08462950587272644,-0.2449369728565216,0.9658379554748535,0,-0.8703796863555908,-0.4900354743003845,-0.048008110374212265,0,0.48505398631095886,-0.8365830779075623,-0.25465965270996094,0,-3.0558409690856934,6.24325704574585,-0.08191999793052673,1,0.6414689421653748,-0.7609377503395081,-0.09742264449596405,0,0.7522429823875427,0.5989999771118164,0.2744615375995636,0,-0.15049201250076294,-0.2493440955877304,0.9566501975059509,0,0,6.837014198303223,0,1,-0.07195955514907837,-0.9638569355010986,-0.2565179765224457,0,0.96468585729599,-0.13259324431419373,0.22759632766246796,0,-0.25338301062583923,-0.23108166456222534,0.9393610954284668,0,0,10.940739631652832,0,1,0.5659359693527222,0.29141345620155334,-0.7712298035621643,0,-0.5426877737045288,0.8358844518661499,-0.08238604664802551,0,0.6206501722335815,0.46516185998916626,0.6312031745910645,0,0,12.050021171569824,0,1,0.99972003698349,0.009678869508206844,-0.021602865308523178,0,-0.0026863040402531624,0.9530820846557617,0.30270084738731384,0,0.02351910062134266,-0.3025580048561096,0.95284104347229,0,0,3.866805076599121,0,1,0.9882130026817322,0.15038906037807465,0.028592681512236595,0,-0.1409648358821869,0.8211380839347839,0.5530468821525574,0,0.059693675488233566,-0.5505588054656982,0.8326591849327087,0,0,2.8685810565948486,0,1,0.9954010248184204,0.017882656306028366,0.09410696476697922,0,0.02136465720832348,0.9162278771400452,-0.4000872075557709,0,-0.09337804466485977,0.40025776624679565,0.9116321206092834,0,-0.19635500013828278,1.4462870359420776,0.4272109866142273,1,-0.8531397581100464,0.002884842921048403,0.5216740965843201,0,0.1171841025352478,-0.973369836807251,0.19702422618865967,0,0.5083503127098083,0.2292211502790451,0.8300827145576477,0,5.148238182067871,-2.8255040645599365,-0.2674959897994995,1,0.9825369119644165,-0.10229093581438065,-0.15542913973331451,0,-0.12933745980262756,0.22506769001483917,-0.965721070766449,0,0.1337665319442749,0.9689589738845825,0.20790717005729675,0,0,20.59090232849121,0,1,0.966580867767334,0.2465396523475647,-0.07028938829898834,0,-0.1405334323644638,0.7388670444488525,0.6590338945388794,0,0.21441245079040527,-0.6271313428878784,0.7488215565681458,0,0,17.32342529296875,0,1,0.9997529983520508,0.0023071374744176865,0.022126823663711548,0,-0.018736477941274643,0.6235625743865967,0.781549334526062,0,-0.011994309723377228,-0.7817703485488892,0.6234513521194458,0,0,8.471383094787598,0,1,-0.9966980814933777,-0.0002530374622438103,-0.08119979500770569,0,-0.014479407109320164,-0.983414888381958,0.18079404532909393,0,-0.07989874482154846,0.18137258291244507,0.9801629185676575,0,-5.148238182067871,-2.8255040645599365,0.2669900059700012,1,0.9918050169944763,-0.11733786016702652,0.05054028704762459,0,0.11517158895730972,0.6499255299568176,-0.7512202858924866,0,0.05529918894171715,0.7508852481842041,0.6581136584281921,0,0,20.626569747924805,0,1,0.9989209771156311,0.00715272082015872,-0.04589375481009483,0,0.044464726001024246,0.13836824893951416,0.9893820285797119,0,0.013427010737359524,-0.9903550148010254,0.13790088891983032,0,0,17.337238311767578,0,1,0.9998869895935059,-0.003346099052578211,-0.014671613462269306,0,0.012203903868794441,0.7507330775260925,0.6604929566383362,0,0.008804387412965298,-0.6605972051620483,0.750688910484314,0,0,8.49565315246582,0,1
K0.100,0.934592068195343,0.07379688322544098,0.34798309206962585,0,0.004157873336225748,0.9759110808372498,-0.2181287407875061,0,-0.3556978404521942,0.20530828833580017,0.9117720127105713,0,-0.8616190552711487,43.501224517822266,3.1702194213867188,1,0.9989740252494812,0.011966999620199203,0.04366803541779518,0,-0.014385992661118507,0.998354971408844,0.0555078499019146,0,-0.042931944131851196,-0.05607911944389343,0.9975029826164246,0,0,5.091618061065674,-0.33338499069213867,1,0.999845027923584,-0.013566048815846443,-0.011249881237745285,0,0.013003962114453316,0.9987329244613647,-0.04861493408679962,0,0.01189513225108385,0.048461079597473145,0.9987540245056152,0,0,5.952936172485352,0,1,0.9998360276222229,-0.014513658359646797,-0.010791707783937454,0,0.01396135427057743,0.9986709952354431,-0.049603380262851715,0,0.01149730570614338,0.049444638192653656,0.9987110495567322,0,0,6.803362846374512,0,1,0.9841360449790955,-0.1111118495464325,-0.13831377029418945,0,0.1272851526737213,0.9852740168571472,0.11416281014680862,0,0.12359218299388885,-0.12995707988739014,0.9837870001792908,0,0,7.653775215148926,0,1,0.990327000617981,0.055483851581811905,0.12717394530773163,0,-0.07474610954523087,0.9855359196662903,0.15208905935287476,0,-0.11689610779285431,-0.160123810172081,0.9801509380340576,0,0,5.327849864959717,1.4227420091629028,1,0.14239095151424408,0.019887546077370644,-0.989611029624939,0,0.844240128993988,-0.5243586897850037,0.11093645542860031,0,-0.5167046189308167,-0.8512651920318604,-0.09145371615886688,0,3.0558409690856934,6.244616985321045,-0.10270600020885468,1,0.9355339407920837,0.2918620705604553,0.19898125529289246,0,-0.3487068712711334,0.8530001640319824,0.3883216977119446,0,-0.05639467015862465,-0.43267425894737244,0.8997849225997925,0,0,6.837014198303223,0,1,0.4494791030883789,0.8797419667243958,0.15499423444271088,0,-0.8808020353317261,0.4075605869293213,0.24100232124328613,0,0.1488502472639084,-0.24484466016292572,0.9580680727958679,0,0,10.956942558288574,0,1,-0.8271769285202026,-0.029031997546553612,0.5611909627914429,0,0.037345040589571,0.9936169385910034,0.1064479798078537,0,-0.5606991648674011,0.10900901257991791,-0.8208127617835999,0,0,12.043248176574707,0,1,-0.8082398176193237,0.5611112713813782,0.1786140501499176,0,0.5625858306884766,0.6462210416793823,0.51565021276474,0,0.17391303181648254,0.5172549486160278,-0.8379751443862915,0,0,3.913239002227783,0,1,0.8101290464401245,0.5338879227638245,-0.24218899011611938,0,-0.4869830906391144,0.8428490161895752,0.22902676463127136,0,0.32640305161476135,-0.06759923696517944,0.9428099989891052,0,0,2.573965072631836,0,1,0.8986096978187561,-0.3389264643192291,0.27862027287483215,0,0.17993052303791046,0.8638521432876587,0.4705149829387665,0,-0.400156706571579,-0.3726770281791687,0.8372491002082825,0,-0.2576259970664978,1.4440679550170898,-2.204097032546997,1,0.03259364888072014,-0.19492846727371216,0.9802758693695068,0,-0.8975356817245483,-0.43722856044769287,-0.057100601494312286,0,0.4397353529930115,-0.8779718279838562,-0.18920619785785675,0,-3.0558409690856934,6.24325704574585,-0.08191999793052673,1,0.7244800925254822,-0.6892128586769104,0.01069699227809906,0,0.6339972019195557,0.6723687648773193,0.3820571303367615,0,-0.27051106095314026,-0.27001097798347473,0.924077033996582,0,0,6.837014198303223,0,1,0.008599727414548397,-0.9713459610939026,-0.23751237988471985,0,0.972182035446167,-0.047476984560489655,0.22936521470546722,0,-0.23406937718391418,-0.23287780582904816,0.9439169764518738,0,0,10.940739631652832,0,1,0.5471246838569641,0.23590926826000214,-0.8031200170516968,0,-0.4403986930847168,0.8970592021942139,-0.03651811555027962,0,0.7118309140205383,0.37367281317710876,0.594697117805481,0,0,12.050021171569824,0,1,0.99972003698349,0.009678786620497704,-0.021602896973490715,0,-0.002686213469132781,0.9530820846557617,0.3027009069919586,0,0.023519106209278107,-0.3025580644607544,0.9528409838676453,0,0,3.866805076599121,0,1,0.9882130026817322,0.15038911998271942,0.028592707589268684,0,-0.14096489548683167,0.8211379647254944,0.5530470609664917,0,0.05969370901584625,-0.5505589842796326,0.8326590657234192,0,0,2.8685810565948486,0,1,0.9954010844230652,0.017882637679576874,0.09410692006349564,0,0.021364636719226837,0.9162279367446899,-0.40008699893951416,0,-0.09337808191776276,0.40025794506073,0.9116330146789551,0,-0.19635500013828278,1.4462870359420776,0.4272109866142273,1,-0.8821569681167603,0.016785016283392906,0.47065725922584534,0,0.08381600677967072,-0.9778150916099548,0.19196881353855133,0,0.4634377658367157,0.20879516005516052,0.8611791133880615,0,5.148238182067871,-2.8255040645599365,-0.2674959897994995,1,0.9789830446243286,-0.10087493062019348,-0.1772489696741104,0,-0.1482699066400528,0.24470901489257812,-0.9581929445266724,0,0.14003202319145203,0.9643349647521973,0.22460918128490448,0,0,20.59090232849121,0,1,0.9808200597763062,0.17632508277893066,-0.08307679742574692,0,-0.0909968912601471,0.7911431789398193,0.6048237681388855,0,0.17237116396427155,-0.5856632590293884,0.7920137643814087,0,0,17.32342529296875,0,1,0.9996790289878845,0.024943960830569267,-0.004381696227937937,0,-0.01442504022270441,0.7030131220817566,0.7110309600830078,0,0.02081630565226078,-0.7107391357421875,0.7031468749046326,0,0,8.471383094787598,0,1,-0.9964010715484619,0.0210402924567461,-0.08210612833499908,0,-0.030064722523093224,-0.9934470653533936,0.11027317494153976,0,-0.07924789935350418,0.11234479397535324,0.9905040860176086,0,-5.148238182067871,-2.8255040645599365,0.2669900059700012,1,0.9920440316200256,-0.12426472455263138,0.020183760672807693,0,0.10061027854681015,0.6861861944198608,-0.7204347252845764,0,0.07567475736141205,0.7167332172393799,0.6932287812232971,0,0,20.626569747924805,0,1,0.9979860186576843,0.02600271627306938,-0.05786775052547455,0,0.05407970771193504,0.12821581959724426,0.9902709126472473,0,0.03316925838589668,-0.9914049506187439,0.12655124068260193,0,0,17.337238311767578,0,1,0.999891996383667,-0.0032299021258950233,-0.014369993470609188,0,0.011849097907543182,0.7558977007865906,0.6545822620391846,0,0.008748007006943226,-0.6546816825866699,0.7558542490005493,0,0,8.49565315246582,0,1
K0.133,0.9519891738891602,0.07772084325551987,0.2961004674434662,0,-0.009355267509818077,0.974169909954071,-0.22562339901924133,0,-0.30598774552345276,0.2120208740234375,0.9281260967254639,0,-1.0849175453186035,43.700687408447266,4.701571464538574,1,0.9996479749679565,0.00157556077465415,0.026471024379134178,0,-0.0022333054803311825,0.999688982963562,0.024836543947458267,0,-0.02642367035150528,-0.024886930361390114,0.9993410110473633,0,0,5.091618061065674,-0.33338499069213867,1,0.9991809725761414,-0.02932114154100418,-0.02787572145462036,0,0.027472160756587982,0.9975370168685913,-0.0645458996295929,0,0.02969960682094097,0.06372719258069992,0.9975249767303467,0,0,5.952936172485352,0,1,0.9991379380226135,-0.031736940145492554,-0.026753395795822144,0,0.02991238422691822,0.9973679780960083,-0.06604062765836716,0,0.0287789199501276,0.06518346816301346,0.9974579811096191,0,0,6.803362846374512,0,1,0.9868160486221313,-0.12474359571933746,-0.10311581194400787,0,0.12297318130731583,0.9921349883079529,-0.023377375677227974,0,0.10522099584341049,0.010388691909611225,0.9943949580192566,0,0,7.653775215148926,0,1,0.9834750890731812,0.03409364074468613,0.17780274152755737,0,-0.031761083751916885,0.9993680119514465,-0.015949470922350883,0,-0.17823426425457,0.010038705542683601,0.9839370250701904,0,0,5.327849864959717,1.4227420091629028,1,0.15692579746246338,0.054108086973428726,-0.9861270785331726,0,0.8150867819786072,-0.5709235072135925,0.0983814150094986,0,-0.5576800107955933,-0.8192179203033447,-0.13369546830654144,0,3.0558409690856934,6.244616985321045,-0.10270600020885468,1,0.9759321808815002,0.20999762415885925,0.05879883095622063,0,-0.21614444255828857,0.8956825137138367,0.3886318504810333,0,0.028946680948138237,-0.3919873833656311,0.9195152521133423,0,0,6.837014198303223,0,1,0.4446718692779541,0.8819490671157837,0.15631000697612762,0,-0.8830118775367737,0.4023873209953308,0.2416059523820877,0,0.15018698573112488,-0.24545902013778687,0.9577019214630127,0,0,10.956942558288574,0,1,-0.7600992321968079,0.01947748474776745,0.6495148539543152,0,0.1152631938457489,0.9877418279647827,0.10526739060878754,0,-0.6395023465156555,0.15487875044345856,-0.7530264854431152,0,0,12.043248176574707,0,1,-0.7383098006248474,0.6288610100746155,0.24378712475299835,0,0.6344761848449707,0.5249766707420349,0.5673091411590576,0,0.22877609729766846,0.5735270977020264,-0.7865928411483765,0,0,3.913239002227783,0,1,0.8109090328216553,0.5330677628517151,-0.2413824498653412,0,-0.4857501685619354,0.8432128429412842,0.23030011355876923,0,0.32630252838134766,-0.06950090080499649,0.9427071809768677,0,0,2.573965072631836,0,1,0.8967580199241638,-0.34273603558540344,0.2799249291419983,0,0.18072494864463806,0.8610599637031555,0.47530505061149597,0,-0.40393611788749695,-0.3756439685821533,0.8341029286384583,0,-0.2576259970664978,1.4440679550170898,-2.204097032546997,1,-0.006400089245289564,-0.1482103317975998,0.9889350533485413,0,-0.9216904044151306,-0.3827238976955414,-0.06332326680421829,0,0.38787397742271423,-0.9118964672088623,-0.13415439426898956,0,-3.0558409690856934,6.24325704574585,-0.08191999793052673,1,0.7556190490722656,-0.6509650349617004,0.07269913703203201,0,0.5469476580619812,0.6881266236305237,0.47679102420806885,0,-0.36040055751800537,-0.32050979137420654,0.8760054707527161,0,0,6.837014198303223,0,1,0.14336127042770386,-0.9680538177490234,-0.20571818947792053,0,0.9688857793807983,0.09490817785263062,0.22858691215515137,0,-0.2017601728439331,-0.23208802938461304,0.9515401721000671,0,0,10.940739631652832,0,1,0.5263908505439758,0.20338314771652222,-0.8255590796470642,0,-0.3335791230201721,0.9425206184387207,0.01950172148644924,0,0.7820727825164795,0.26512372493743896,0.5639785528182983,0,0,12.050021171569824,0,1,0.99972003698349,0.009678786620497704,-0.021602896973490715,0,-0.002686213469132781,0.9530820846557617,0.3027009069919586,0,0.023519106209278107,-0.3025580644607544,0.9528409838676453,0,0,3.866805076599121,0,1,0.9882129430770874,0.15038925409317017,0.02859220840036869,0,-0.14096473157405853,0.8211379647254944,0.5530471205711365,0,0.059694208204746246,-0.5505589246749878,0.8326590657234192,0,0,2.8685810565948486,0,1,0.9954010248184204,0.017883185297250748,0.09410686045885086,0,0.021364184096455574,0.9162280559539795,-0.400087833404541,0,-0.09337814897298813,0.4002581834793091,0.9116318821907043,0,-0.19635500013828278,1.4462870359420776,0.4272109866142273,1,-0.9014931321144104,0.014959233812987804,0.4325353801250458,0,0.06539227068424225,-0.9832210540771484,0.17029571533203125,0,0.427825003862381,0.18180473148822784,0.8853881359100342,0,5.148238182067871,-2.8255040645599365,-0.2674959897994995,1,0.9787009358406067,-0.10360109806060791,-0.17723309993743896,0,-0.14487400650978088,0.2631279230117798,-0.9538210034370422,0,0.1454518884420395,0.9591819643974304,0.24251443147659302,0,0,20.59090232849121,0,1,0.9887951612472534,0.12664709985256195,-0.07902137190103531,0,-0.0561770424246788,0.8061399459838867,0.5890520811080933,0,0.13830405473709106,-0.5780128240585327,0.8042221069335938,0,0,17.32342529296875,0,1,0.999610960483551,0.025446204468607903,-0.011461266316473484,0,-0.011418930254876614,0.747646152973175,0.6639989018440247,0,0.025465229526162148,-0.6636099219322205,0.7476460337638855,0,0,8.471383094787598,0,1,-0.994700014591217,0.04193045571446419,-0.09388419985771179,0,-0.04599286615848541,-0.9980780482292175,0.04153241217136383,0,-0.09196221828460693,0.045630261301994324,0.9947159886360168,0,-5.148238182067871,-2.8255040645599365,0.2669900059700012,1,0.9927359223365784,-0.11982914805412292,0.010747301392257214,0,0.09314262866973877,0.7089493274688721,-0.6990817189216614,0,0.07615112513303757,0.695004940032959,0.714961051940918,0,0,20.626569747924805,0,1,0.9967999458312988,0.037759896367788315,-0.07045796513557434,0,0.06599806249141693,0.10857991874217987,0.9918940663337708,0,0.045104142278432846,-0.9933701157569885,0.10574039071798325,0,0,17.337238311767578,0,1,0.9998959898948669,-0.0031278985552489758,-0.014112269505858421,0,0.011545096524059772,0.7602801322937012,0.6494928002357483,0,0.008697728626430035,-0.6495880484580994,0.7602369785308838,0,0,8.49565315246582,0,1
